0,,0.0,0.0,0.0,0,(),0.0,0.0
5,,0.0,0.0,0.0,0,(),0.0,0.0
10,,0.0,0.0,0.0,0,(),0.0,0.0
15,,0.0,0.0,0.0,0,(),0.0,0.0
20,,0.0,0.0,0.0,0,(),0.0,0.0
25,,0.0,0.0,0.0,0,(),0.0,0.0
30,,0.0,0.0,0.0,0,(),0.0,0.0
35,,0.0,0.0,0.0,0,(),0.0,0.0
40,,0.0,0.0,0.0,0,(),0.0,0.0
45,,0.0,0.0,0.0,0,(),0.0,0.0
50,,0.0,0.0,0.0,0,(),0.0,0.0
55,,0.0,0.0,0.0,0,(),0.0,0.0
60,,0.0,0.0,0.0,0,(),0.0,0.0
65,,0.0,0.0,0.0,0,(),0.0,0.0
70,,0.0,0.0,0.0,0,(),0.0,0.0
75,,0.0,0.0,0.0,0,(),0.0,0.0
80,,0.0,0.0,0.0,0,(),0.0,0.0
85,,0.0,0.0,0.0,0,(),0.0,0.0
90,,0.0,0.0,0.0,0,(),0.0,0.0
95,,0.0,0.0,0.0,0,(),0.0,0.0
100,,0.0,0.0,0.0,0,(),0.0,0.0
105,,0.0,0.0,0.0,0,(),0.0,0.0
110,,0.0,0.0,0.0,0,(),0.0,0.0
115,,0.0,0.0,0.0,0,(),0.0,0.0
120,,0.0,0.0,0.0,0,(),0.0,0.0
125,,0.0,0.0,0.0,0,(),0.0,0.0
130,,0.0,0.0,0.0,0,(),0.0,0.0
135,,0.0,0.0,0.0,0,(),0.0,0.0
140,,0.0,0.0,0.0,0,(),0.0,0.0
145,,0.0,0.0,0.0,0,(),0.0,0.0
150,,0.0,0.0,0.0,0,(),0.0,0.0
155,,0.0,0.0,0.0,0,(),0.0,0.0
160,,0.0,0.0,0.0,0,(),0.0,0.0
165,,0.0,0.0,0.0,0,(),0.0,0.0
170,,0.0,0.0,0.0,0,(),0.0,0.0
175,,0.0,0.0,0.0,0,(),0.0,0.0
180,,0.0,0.0,0.0,0,(),0.0,0.0
185,,0.0,0.0,0.0,0,(),0.0,0.0
190,,0.0,0.0,0.0,0,(),0.0,0.0
195,,0.0,0.0,0.0,0,(),0.0,0.0
200,,0.0,0.0,0.0,0,(),0.0,0.0
205,,0.0,0.0,0.0,0,(),0.0,0.0
210,,0.0,0.0,0.0,0,(),0.0,0.0
215,,0.0,0.0,0.0,0,(),0.0,0.0
220,,0.0,0.0,0.0,0,(),0.0,0.0
225,,0.0,0.0,0.0,0,(),0.0,0.0
230,,0.0,0.0,0.0,0,(),0.0,0.0
235,,0.0,0.0,0.0,0,(),0.0,0.0
240,,0.0,0.0,0.0,0,(),0.0,0.0
245,,0.0,0.0,0.0,0,(),0.0,0.0
250,,0.0,0.0,0.0,0,(),0.0,0.0
255,,0.0,0.0,0.0,0,(),0.0,0.0
260,,0.0,0.0,0.0,0,(),0.0,0.0
265,,0.0,0.0,0.0,0,(),0.0,0.0
270,,0.0,0.0,0.0,0,(),0.0,0.0
275,,0.0,0.0,0.0,0,(),0.0,0.0
280,,0.0,0.0,0.0,0,(),0.0,0.0
285,,0.0,0.0,0.0,0,(),0.0,0.0
290,,0.0,0.0,0.0,0,(),0.0,0.0
295,,0.0,0.0,0.0,0,(),0.0,0.0
300,,0.0,0.0,0.0,0,(),0.0,0.0
305,,0.0,0.0,0.0,0,(),0.0,0.0
310,,0.0,0.0,0.0,0,(),0.0,0.0
315,,0.0,0.0,0.0,0,(),0.0,0.0
320,,0.0,0.0,0.0,0,(),0.0,0.0
325,,0.0,0.0,0.0,0,(),0.0,0.0
330,,0.0,0.0,0.0,0,(),0.0,0.0
335,,0.0,0.0,0.0,0,(),0.0,0.0
340,,0.0,0.0,0.0,0,(),0.0,0.0
345,,0.0,0.0,0.0,0,(),0.0,0.0
350,,0.0,0.0,0.0,0,(),0.0,0.0
355,,0.0,0.0,0.0,0,(),0.0,0.0
360,,0.0,0.0,0.0,0,(),0.0,0.0
365,,0.0,0.0,0.0,0,(),0.0,0.0
370,,0.0,0.0,0.0,0,(),0.0,0.0
375,,0.0,0.0,0.0,0,(),0.0,0.0
380,,0.0,0.0,0.0,0,(),0.0,0.0
385,,0.0,0.0,0.0,0,(),0.0,0.0
390,,0.0,0.0,0.0,0,(),0.0,0.0
395,,0.0,0.0,0.0,0,(),0.0,0.0
400,,0.0,0.0,0.0,0,(),0.0,0.0
405,,0.0,0.0,0.0,0,(),0.0,0.0
410,,0.0,0.0,0.0,0,(),0.0,0.0
415,,0.0,0.0,0.0,0,(),0.0,0.0
420,,0.0,0.0,0.0,0,(),0.0,0.0
425,,0.0,0.0,0.0,0,(),0.0,0.0
430,,0.0,0.0,0.0,0,(),0.0,0.0
435,,0.0,0.0,0.0,0,(),0.0,0.0
440,,0.0,0.0,0.0,0,(),0.0,0.0
445,,0.0,0.0,0.0,0,(),0.0,0.0
450,,0.0,0.0,0.0,0,(),0.0,0.0
455,,0.0,0.0,0.0,0,(),0.0,0.0
460,,0.0,0.0,0.0,0,(),0.0,0.0
465,,0.0,0.0,0.0,0,(),0.0,0.0
470,,0.0,0.0,0.0,0,(),0.0,0.0
475,,0.0,0.0,0.0,0,(),0.0,0.0
480,,0.0,0.0,0.0,0,(),0.0,0.0
485,,0.0,0.0,0.0,0,(),0.0,0.0
490,,0.0,0.0,0.0,0,(),0.0,0.0
495,,0.0,0.0,0.0,0,(),0.0,0.0
500,,0.0,0.0,0.0,0,(),0.0,0.0
505,,0.0,0.0,0.0,0,(),0.0,0.0
510,,0.0,0.0,0.0,0,(),0.0,0.0
515,,0.0,0.0,0.0,0,(),0.0,0.0
520,,0.0,0.0,0.0,0,(),0.0,0.0
525,,0.0,0.0,0.0,0,(),0.0,0.0
530,,0.0,0.0,0.0,0,(),0.0,0.0
535,,0.0,0.0,0.0,0,(),0.0,0.0
540,,0.0,0.0,0.0,0,(),0.0,0.0
545,,0.0,0.0,0.0,0,(),0.0,0.0
550,,0.0,0.0,0.0,0,(),0.0,0.0
555,,0.0,0.0,0.0,0,(),0.0,0.0
560,,0.0,0.0,0.0,0,(),0.0,0.0
565,,0.0,0.0,0.0,0,(),0.0,0.0
570,,0.0,0.0,0.0,0,(),0.0,0.0
575,,0.0,0.0,0.0,0,(),0.0,0.0
580,,0.0,0.0,0.0,0,(),0.0,0.0
585,,0.0,0.0,0.0,0,(),0.0,0.0
590,,0.0,0.0,0.0,0,(),0.0,0.0
595,,0.0,0.0,0.0,0,(),0.0,0.0
600,,0.0,0.0,0.0,0,(),0.0,0.0
605,,0.0,0.0,0.0,0,(),0.0,0.0
610,,0.0,0.0,0.0,0,(),0.0,0.0
615,,0.0,0.0,0.0,0,(),0.0,0.0
620,,0.0,0.0,0.0,0,(),0.0,0.0
625,,0.0,0.0,0.0,0,(),0.0,0.0
630,,0.0,0.0,0.0,0,(),0.0,0.0
635,,0.0,0.0,0.0,0,(),0.0,0.0
640,,0.0,0.0,0.0,0,(),0.0,0.0
645,,0.0,0.0,0.0,0,(),0.0,0.0
650,,0.0,0.0,0.0,0,(),0.0,0.0
655,,0.0,0.0,0.0,0,(),0.0,0.0
660,,0.0,0.0,0.0,0,(),0.0,0.0
665,,0.0,0.0,0.0,0,(),0.0,0.0
670,,0.0,0.0,0.0,0,(),0.0,0.0
675,,0.0,0.0,0.0,0,(),0.0,0.0
680,,0.0,0.0,0.0,0,(),0.0,0.0
685,,0.0,0.0,0.0,0,(),0.0,0.0
690,,0.0,0.0,0.0,0,(),0.0,0.0
695,,0.0,0.0,0.0,0,(),0.0,0.0
700,,0.0,0.0,0.0,0,(),0.0,0.0
705,,0.0,0.0,0.0,0,(),0.0,0.0
710,,0.0,0.0,0.0,0,(),0.0,0.0
715,,0.0,0.0,0.0,0,(),0.0,0.0
720,,0.0,0.0,0.0,0,(),0.0,0.0
725,,0.0,0.0,0.0,0,(),0.0,0.0
730,,0.0,0.0,0.0,0,(),0.0,0.0
735,,0.0,0.0,0.0,0,(),0.0,0.0
740,,0.0,0.0,0.0,0,(),0.0,0.0
745,,0.0,0.0,0.0,0,(),0.0,0.0
750,,0.0,0.0,0.0,0,(),0.0,0.0
755,,0.0,0.0,0.0,0,(),0.0,0.0
760,,0.0,0.0,0.0,0,(),0.0,0.0
765,,0.0,0.0,0.0,0,(),0.0,0.0
770,,0.0,0.0,0.0,0,(),0.0,0.0
775,,0.0,0.0,0.0,0,(),0.0,0.0
780,,0.0,0.0,0.0,0,(),0.0,0.0
785,,0.0,0.0,0.0,0,(),0.0,0.0
790,,0.0,0.0,0.0,0,(),0.0,0.0
795,,0.0,0.0,0.0,0,(),0.0,0.0
800,,0.0,0.0,0.0,0,(),0.0,0.0
805,,0.0,0.0,0.0,0,(),0.0,0.0
810,,0.0,0.0,0.0,0,(),0.0,0.0
815,,0.0,0.0,0.0,0,(),0.0,0.0
820,,0.0,0.0,0.0,0,(),0.0,0.0
825,,0.0,0.0,0.0,0,(),0.0,0.0
830,,0.0,0.0,0.0,0,(),0.0,0.0
835,,0.0,0.0,0.0,0,(),0.0,0.0
840,,0.0,0.0,0.0,0,(),0.0,0.0
845,,0.0,0.0,0.0,0,(),0.0,0.0
850,,0.0,0.0,0.0,0,(),0.0,0.0
855,,0.0,0.0,0.0,0,(),0.0,0.0
860,,0.0,0.0,0.0,0,(),0.0,0.0
865,,0.0,0.0,0.0,0,(),0.0,0.0
870,,0.0,0.0,0.0,0,(),0.0,0.0
875,,0.0,0.0,0.0,0,(),0.0,0.0
880,,0.0,0.0,0.0,0,(),0.0,0.0
885,,0.0,0.0,0.0,0,(),0.0,0.0
890,,0.0,0.0,0.0,0,(),0.0,0.0
895,,0.0,0.0,0.0,0,(),0.0,0.0
900,,0.0,0.0,0.0,0,(),0.0,0.0
905,,0.0,0.0,0.0,0,(),0.0,0.0
910,,0.0,0.0,0.0,0,(),0.0,0.0
915,,0.0,0.0,0.0,0,(),0.0,0.0
920,,0.0,0.0,0.0,0,(),0.0,0.0
925,,0.0,0.0,0.0,0,(),0.0,0.0
930,,0.0,0.0,0.0,0,(),0.0,0.0
935,,0.0,0.0,0.0,0,(),0.0,0.0
940,,0.0,0.0,0.0,0,(),0.0,0.0
945,,0.0,0.0,0.0,0,(),0.0,0.0
950,,0.0,0.0,0.0,0,(),0.0,0.0
955,,0.0,0.0,0.0,0,(),0.0,0.0
960,,0.0,0.0,0.0,0,(),0.0,0.0
965,,0.0,0.0,0.0,0,(),0.0,0.0
970,,0.0,0.0,0.0,0,(),0.0,0.0
975,,0.0,0.0,0.0,0,(),0.0,0.0
980,,0.0,0.0,0.0,0,(),0.0,0.0
985,,0.0,0.0,0.0,0,(),0.0,0.0
990,,0.0,0.0,0.0,0,(),0.0,0.0
995,,0.0,0.0,0.0,0,(),0.0,0.0
1000,,0.0,0.0,0.0,0,(),0.0,0.0
1005,,0.0,0.0,0.0,0,(),0.0,0.0
1010,,0.0,0.0,0.0,0,(),0.0,0.0
1015,,0.0,0.0,0.0,0,(),0.0,0.0
1020,,0.0,0.0,0.0,0,(),0.0,0.0
1025,,0.0,0.0,0.0,0,(),0.0,0.0
1030,,0.0,0.0,0.0,0,(),0.0,0.0
1035,,0.0,0.0,0.0,0,(),0.0,0.0
1040,,0.0,0.0,0.0,0,(),0.0,0.0
1045,,0.0,0.0,0.0,0,(),0.0,0.0
1050,,0.0,0.0,0.0,0,(),0.0,0.0
1055,,0.0,0.0,0.0,0,(),0.0,0.0
1060,,0.0,0.0,0.0,0,(),0.0,0.0
1065,,0.0,0.0,0.0,0,(),0.0,0.0
1070,,0.0,0.0,0.0,0,(),0.0,0.0
1075,,0.0,0.0,0.0,0,(),0.0,0.0
1080,,0.0,0.0,0.0,0,(),0.0,0.0
1085,,0.0,0.0,0.0,0,(),0.0,0.0
1090,,0.0,0.0,0.0,0,(),0.0,0.0
1095,,0.0,0.0,0.0,0,(),0.0,0.0
1100,,0.0,0.0,0.0,0,(),0.0,0.0
1105,,0.0,0.0,0.0,0,(),0.0,0.0
1110,,0.0,0.0,0.0,0,(),0.0,0.0
1115,,0.0,0.0,0.0,0,(),0.0,0.0
1120,,0.0,0.0,0.0,0,"('ped3259',)",0.0,0.0
1125,,0.0,0.0,0.0,0,(),0.0,0.0
1130,,0.0,0.0,0.0,0,(),0.0,0.0
1135,,0.0,0.0,0.0,0,(),0.0,0.0
1140,,0.0,0.0,0.0,0,(),0.0,0.0
1145,,0.0,0.0,0.0,0,(),0.0,0.0
1150,,0.0,0.0,0.0,0,(),0.0,0.0
1155,,0.0,0.0,0.0,0,(),0.0,0.0
1160,,0.0,0.0,0.0,0,(),0.0,0.0
1165,,0.0,0.0,0.0,0,(),0.0,0.0
1170,,0.0,0.0,0.0,0,(),0.0,0.0
1175,,0.0,0.0,0.0,0,(),0.0,0.0
1180,,0.0,0.0,0.0,0,(),0.0,0.0
1185,,0.0,0.0,0.0,0,(),0.0,0.0
1190,,0.0,0.0,0.0,0,(),0.0,0.0
1195,,0.0,0.0,0.0,0,(),0.0,0.0
1200,,0.0,0.0,0.0,0,(),0.0,0.0
1205,,0.0,0.0,0.0,0,(),0.0,0.0
1210,,0.0,0.0,0.0,0,(),0.0,0.0
1215,,0.0,0.0,0.0,0,(),0.0,0.0
1220,,0.0,0.0,0.0,0,(),0.0,0.0
1225,,0.0,0.0,0.0,0,(),0.0,0.0
1230,,0.0,0.0,0.0,0,(),0.0,0.0
1235,,0.0,0.0,0.0,0,(),0.0,0.0
1240,,0.0,0.0,0.0,0,(),0.0,0.0
1245,,0.0,0.0,0.0,0,(),0.0,0.0
1250,,0.0,0.0,0.0,0,(),0.0,0.0
1255,,0.0,0.0,0.0,0,(),0.0,0.0
1260,,0.0,0.0,0.0,0,(),0.0,0.0
1265,,0.0,0.0,0.0,0,(),0.0,0.0
1270,,0.0,0.0,0.0,0,(),0.0,0.0
1275,,0.0,0.0,0.0,0,(),0.0,0.0
1280,,0.0,0.0,0.0,0,(),0.0,0.0
1285,,0.0,0.0,0.0,0,(),0.0,0.0
1290,,0.0,0.0,0.0,0,(),0.0,0.0
1295,,0.0,0.0,0.0,0,(),0.0,0.0
1300,,0.0,0.0,0.0,0,(),0.0,0.0
1305,,0.0,0.0,0.0,0,(),0.0,0.0
1310,,0.0,0.0,0.0,0,(),0.0,0.0
1315,,0.0,0.0,0.0,0,(),0.0,0.0
1320,,0.0,0.0,0.0,0,(),0.0,0.0
1325,,0.0,0.0,0.0,0,(),0.0,0.0
1330,,0.0,0.0,0.0,0,(),0.0,0.0
1335,,0.0,0.0,0.0,0,(),0.0,0.0
1340,,0.0,0.0,0.0,0,(),0.0,0.0
1345,,0.0,0.0,0.0,0,(),0.0,0.0
1350,,0.0,0.0,0.0,0,(),0.0,0.0
1355,,0.0,0.0,0.0,0,(),0.0,0.0
1360,,0.0,0.0,0.0,0,(),0.0,0.0
1365,,0.0,0.0,0.0,0,(),0.0,0.0
1370,,0.0,0.0,0.0,0,(),0.0,0.0
1375,,0.0,0.0,0.0,0,(),0.0,0.0
1380,,0.0,0.0,0.0,0,(),0.0,0.0
1385,,0.0,0.0,0.0,0,(),0.0,0.0
1390,,0.0,0.0,0.0,0,(),0.0,0.0
1395,,0.0,0.0,0.0,0,(),0.0,0.0
1400,,0.0,0.0,0.0,0,(),0.0,0.0
1405,,0.0,0.0,0.0,0,(),0.0,0.0
1410,,0.0,0.0,0.0,0,(),0.0,0.0
1415,,0.0,0.0,0.0,0,(),0.0,0.0
1420,,0.0,0.0,0.0,0,(),0.0,0.0
1425,,0.0,0.0,0.0,0,(),0.0,0.0
1430,,0.0,0.0,0.0,0,(),0.0,0.0
1435,,0.0,0.0,0.0,0,(),0.0,0.0
1440,,0.0,0.0,0.0,0,(),0.0,0.0
1445,,0.0,0.0,0.0,0,(),0.0,0.0
1450,,0.0,0.0,0.0,0,(),0.0,0.0
1455,,0.0,0.0,0.0,0,(),0.0,0.0
1460,,0.0,0.0,0.0,0,(),0.0,0.0
1465,,0.0,0.0,0.0,0,(),0.0,0.0
1470,,0.0,0.0,0.0,0,(),0.0,0.0
1475,,0.0,0.0,0.0,0,(),0.0,0.0
1480,,0.0,0.0,0.0,0,(),0.0,0.0
1485,,0.0,0.0,0.0,0,(),0.0,0.0
1490,,0.0,0.0,0.0,0,(),0.0,0.0
1495,,0.0,0.0,0.0,0,(),0.0,0.0
1500,,0.0,0.0,0.0,0,(),0.0,0.0
1505,,0.0,0.0,0.0,0,(),0.0,0.0
1510,,0.0,0.0,0.0,0,(),0.0,0.0
1515,,0.0,0.0,0.0,0,(),0.0,0.0
1520,,0.0,0.0,0.0,0,(),0.0,0.0
1525,,0.0,0.0,0.0,0,(),0.0,0.0
1530,,0.0,0.0,0.0,0,(),0.0,0.0
1535,,0.0,0.0,0.0,0,(),0.0,0.0
1540,,0.0,0.0,0.0,0,(),0.0,0.0
1545,,0.0,0.0,0.0,0,(),0.0,0.0
1550,,0.0,0.0,0.0,0,(),0.0,0.0
1555,,0.0,0.0,0.0,0,(),0.0,0.0
1560,,0.0,0.0,0.0,0,(),0.0,0.0
1565,,0.0,0.0,0.0,0,(),0.0,0.0
1570,,0.0,0.0,0.0,0,(),0.0,0.0
1575,,0.0,0.0,0.0,0,(),0.0,0.0
1580,,0.0,0.0,0.0,0,(),0.0,0.0
1585,,0.0,0.0,0.0,0,(),0.0,0.0
1590,,0.0,0.0,0.0,0,(),0.0,0.0
1595,,0.0,0.0,0.0,0,(),0.0,0.0
1600,,0.0,0.0,0.0,0,(),0.0,0.0
1605,,0.0,0.0,0.0,0,(),0.0,0.0
1610,,0.0,0.0,0.0,0,(),0.0,0.0
1615,,0.0,0.0,0.0,0,(),0.0,0.0
1620,,0.0,0.0,0.0,0,(),0.0,0.0
1625,,0.0,0.0,0.0,0,(),0.0,0.0
1630,,0.0,0.0,0.0,0,(),0.0,0.0
1635,,0.0,0.0,0.0,0,(),0.0,0.0
1640,,0.0,0.0,0.0,0,(),0.0,0.0
1645,,0.0,0.0,0.0,0,(),0.0,0.0
1650,,0.0,0.0,0.0,0,(),0.0,0.0
1655,,0.0,0.0,0.0,0,(),0.0,0.0
1660,,0.0,0.0,0.0,0,(),0.0,0.0
1665,,0.0,0.0,0.0,0,(),0.0,0.0
1670,,0.0,0.0,0.0,0,(),0.0,0.0
1675,,0.0,0.0,0.0,0,(),0.0,0.0
1680,,0.0,0.0,0.0,0,(),0.0,0.0
1685,,0.0,0.0,0.0,0,(),0.0,0.0
1690,,0.0,0.0,0.0,0,(),0.0,0.0
1695,,0.0,0.0,0.0,0,(),0.0,0.0
1700,,0.0,0.0,0.0,0,(),0.0,0.0
1705,,0.0,0.0,0.0,0,(),0.0,0.0
1710,,0.0,0.0,0.0,0,(),0.0,0.0
1715,,0.0,0.0,0.0,0,(),0.0,0.0
1720,,0.0,0.0,0.0,0,(),0.0,0.0
1725,,0.0,0.0,0.0,0,(),0.0,0.0
1730,,0.0,0.0,0.0,0,(),0.0,0.0
1735,,0.0,0.0,0.0,0,(),0.0,0.0
1740,,0.0,0.0,0.0,0,(),0.0,0.0
1745,,0.0,0.0,0.0,0,(),0.0,0.0
1750,,0.0,0.0,0.0,0,(),0.0,0.0
1755,,0.0,0.0,0.0,0,(),0.0,0.0
1760,,0.0,0.0,0.0,0,(),0.0,0.0
1765,,0.0,0.0,0.0,0,(),0.0,0.0
1770,,0.0,0.0,0.0,0,(),0.0,0.0
1775,,0.0,0.0,0.0,0,(),0.0,0.0
1780,,0.0,0.0,0.0,0,(),0.0,0.0
1785,,0.0,0.0,0.0,0,(),0.0,0.0
1790,,0.0,0.0,0.0,0,(),0.0,0.0
1795,,0.0,0.0,0.0,0,(),0.0,0.0
1800,,0.0,0.0,0.0,0,(),0.0,0.0
1805,,0.0,0.0,0.0,0,(),0.0,0.0
1810,,0.0,0.0,0.0,0,(),0.0,0.0
1815,,0.0,0.0,0.0,0,(),0.0,0.0
1820,,0.0,0.0,0.0,0,(),0.0,0.0
1825,,0.0,0.0,0.0,0,(),0.0,0.0
1830,,0.0,0.0,0.0,0,(),0.0,0.0
1835,,0.0,0.0,0.0,0,(),0.0,0.0
1840,,0.0,0.0,0.0,0,(),0.0,0.0
1845,,0.0,0.0,0.0,0,(),0.0,0.0
1850,,0.0,0.0,0.0,0,(),0.0,0.0
1855,,0.0,0.0,0.0,0,(),0.0,0.0
1860,,0.0,0.0,0.0,0,(),0.0,0.0
1865,,0.0,0.0,0.0,0,(),0.0,0.0
1870,,0.0,0.0,0.0,0,(),0.0,0.0
1875,,0.0,0.0,0.0,0,(),0.0,0.0
1880,,0.0,0.0,0.0,0,(),0.0,0.0
1885,,0.0,0.0,0.0,0,(),0.0,0.0
1890,,0.0,0.0,0.0,0,(),0.0,0.0
1895,,0.0,0.0,0.0,0,(),0.0,0.0
1900,,0.0,0.0,0.0,0,(),0.0,0.0
1905,,0.0,0.0,0.0,0,(),0.0,0.0
1910,,0.0,0.0,0.0,0,(),0.0,0.0
1915,,0.0,0.0,0.0,0,(),0.0,0.0
1920,,0.0,0.0,0.0,0,(),0.0,0.0
1925,,0.0,0.0,0.0,0,(),0.0,0.0
1930,,0.0,0.0,0.0,0,(),0.0,0.0
1935,,0.0,0.0,0.0,0,(),0.0,0.0
1940,,0.0,0.0,0.0,0,(),0.0,0.0
1945,,0.0,0.0,0.0,0,(),0.0,0.0
1950,,0.0,0.0,0.0,0,(),0.0,0.0
1955,,0.0,0.0,0.0,0,(),0.0,0.0
1960,,0.0,0.0,0.0,0,(),0.0,0.0
1965,,0.0,0.0,0.0,0,(),0.0,0.0
1970,,0.0,0.0,0.0,0,(),0.0,0.0
1975,,0.0,0.0,0.0,0,(),0.0,0.0
1980,,0.0,0.0,0.0,0,(),0.0,0.0
1985,,0.0,0.0,0.0,0,(),0.0,0.0
1990,,0.0,0.0,0.0,0,(),0.0,0.0
1995,,0.0,0.0,0.0,0,(),0.0,0.0
2000,,0.0,0.0,0.0,0,(),0.0,0.0
2005,,0.0,0.0,0.0,0,(),0.0,0.0
2010,,0.0,0.0,0.0,0,(),0.0,0.0
2015,,0.0,0.0,0.0,0,(),0.0,0.0
2020,,0.0,0.0,0.0,0,(),0.0,0.0
2025,,0.0,0.0,0.0,0,(),0.0,0.0
2030,,0.0,0.0,0.0,0,(),0.0,0.0
2035,,0.0,0.0,0.0,0,(),0.0,0.0
2040,,0.0,0.0,0.0,0,(),0.0,0.0
2045,,0.0,0.0,0.0,0,(),0.0,0.0
2050,,0.0,0.0,0.0,0,(),0.0,0.0
2055,,0.0,0.0,0.0,0,(),0.0,0.0
2060,,0.0,0.0,0.0,0,(),0.0,0.0
2065,,0.0,0.0,0.0,0,(),0.0,0.0
2070,,0.0,0.0,0.0,0,(),0.0,0.0
2075,,0.0,0.0,0.0,0,(),0.0,0.0
2080,,0.0,0.0,0.0,0,(),0.0,0.0
2085,,0.0,0.0,0.0,0,(),0.0,0.0
2090,,0.0,0.0,0.0,0,(),0.0,0.0
2095,,0.0,0.0,0.0,0,(),0.0,0.0
2100,,0.0,0.0,0.0,0,(),0.0,0.0
2105,,0.0,0.0,0.0,0,(),0.0,0.0
2110,,0.0,0.0,0.0,0,(),0.0,0.0
2115,,0.0,0.0,0.0,0,(),0.0,0.0
2120,,0.0,0.0,0.0,0,(),0.0,0.0
2125,,0.0,0.0,0.0,0,(),0.0,0.0
2130,,0.0,0.0,0.0,0,(),0.0,0.0
2135,,0.0,0.0,0.0,0,(),0.0,0.0
2140,,0.0,0.0,0.0,0,(),0.0,0.0
2145,,0.0,0.0,0.0,0,(),0.0,0.0
2150,,0.0,0.0,0.0,0,(),0.0,0.0
2155,,0.0,0.0,0.0,0,(),0.0,0.0
2160,,0.0,0.0,0.0,0,(),0.0,0.0
2165,,0.0,0.0,0.0,0,(),0.0,0.0
2170,,0.0,0.0,0.0,0,(),0.0,0.0
2175,,0.0,0.0,0.0,0,(),0.0,0.0
2180,,0.0,0.0,0.0,0,(),0.0,0.0
2185,,0.0,0.0,0.0,0,(),0.0,0.0
2190,,0.0,0.0,0.0,0,(),0.0,0.0
2195,,0.0,0.0,0.0,0,(),0.0,0.0
2200,,0.0,0.0,0.0,0,(),0.0,0.0
2205,,0.0,0.0,0.0,0,(),0.0,0.0
2210,,0.0,0.0,0.0,0,(),0.0,0.0
2215,,0.0,0.0,0.0,0,(),0.0,0.0
2220,,0.0,0.0,0.0,0,(),0.0,0.0
2225,,0.0,0.0,0.0,0,(),0.0,0.0
2230,,0.0,0.0,0.0,0,(),0.0,0.0
2235,,0.0,0.0,0.0,0,(),0.0,0.0
2240,,0.0,0.0,0.0,0,(),0.0,0.0
2245,,0.0,0.0,0.0,0,(),0.0,0.0
2250,,0.0,0.0,0.0,0,(),0.0,0.0
2255,,0.0,0.0,0.0,0,(),0.0,0.0
2260,,0.0,0.0,0.0,0,(),0.0,0.0
2265,,0.0,0.0,0.0,0,(),0.0,0.0
2270,,0.0,0.0,0.0,0,(),0.0,0.0
2275,,0.0,0.0,0.0,0,(),0.0,0.0
2280,,0.0,0.0,0.0,0,(),0.0,0.0
2285,,0.0,0.0,0.0,0,(),0.0,0.0
2290,,0.0,0.0,0.0,0,(),0.0,0.0
2295,,0.0,0.0,0.0,0,(),0.0,0.0
2300,,0.0,0.0,0.0,0,(),0.0,0.0
2305,,0.0,0.0,0.0,0,(),0.0,0.0
2310,,0.0,0.0,0.0,0,(),0.0,0.0
2315,,0.0,0.0,0.0,0,(),0.0,0.0
2320,,0.0,0.0,0.0,0,(),0.0,0.0
2325,,0.0,0.0,0.0,0,(),0.0,0.0
2330,,0.0,0.0,0.0,0,(),0.0,0.0
2335,,0.0,0.0,0.0,0,(),0.0,0.0
2340,,0.0,0.0,0.0,0,(),0.0,0.0
2345,,0.0,0.0,0.0,0,(),0.0,0.0
2350,,0.0,0.0,0.0,0,(),0.0,0.0
2355,,0.0,0.0,0.0,0,(),0.0,0.0
2360,,0.0,0.0,0.0,0,(),0.0,0.0
2365,,0.0,0.0,0.0,0,(),0.0,0.0
2370,,0.0,0.0,0.0,0,(),0.0,0.0
2375,,0.0,0.0,0.0,0,(),0.0,0.0
2380,,0.0,0.0,0.0,0,(),0.0,0.0
2385,,0.0,0.0,0.0,0,(),0.0,0.0
2390,,0.0,0.0,0.0,0,(),0.0,0.0
2395,,0.0,0.0,0.0,0,(),0.0,0.0
2400,,0.0,0.0,0.0,0,(),0.0,0.0
2405,,0.0,0.0,0.0,0,(),0.0,0.0
2410,,0.0,0.0,0.0,0,(),0.0,0.0
2415,,0.0,0.0,0.0,0,(),0.0,0.0
2420,,0.0,0.0,0.0,0,(),0.0,0.0
2425,,0.0,0.0,0.0,0,(),0.0,0.0
2430,,0.0,0.0,0.0,0,(),0.0,0.0
2435,,0.0,0.0,0.0,0,(),0.0,0.0
2440,,0.0,0.0,0.0,0,(),0.0,0.0
2445,,0.0,0.0,0.0,0,(),0.0,0.0
2450,,0.0,0.0,0.0,0,(),0.0,0.0
2455,,0.0,0.0,0.0,0,(),0.0,0.0
2460,,0.0,0.0,0.0,0,(),0.0,0.0
2465,,0.0,0.0,0.0,0,(),0.0,0.0
2470,,0.0,0.0,0.0,0,(),0.0,0.0
2475,,0.0,0.0,0.0,0,(),0.0,0.0
2480,,0.0,0.0,0.0,0,(),0.0,0.0
2485,,0.0,0.0,0.0,0,(),0.0,0.0
2490,,0.0,0.0,0.0,0,(),0.0,0.0
2495,,0.0,0.0,0.0,0,(),0.0,0.0
2500,,0.0,0.0,0.0,0,(),0.0,0.0
2505,,0.0,0.0,0.0,0,(),0.0,0.0
2510,,0.0,0.0,0.0,0,(),0.0,0.0
2515,,0.0,0.0,0.0,0,(),0.0,0.0
2520,,0.0,0.0,0.0,0,(),0.0,0.0
2525,,0.0,0.0,0.0,0,(),0.0,0.0
2530,,0.0,0.0,0.0,0,(),0.0,0.0
2535,,0.0,0.0,0.0,0,(),0.0,0.0
2540,,0.0,0.0,0.0,0,(),0.0,0.0
2545,,0.0,0.0,0.0,0,(),0.0,0.0
2550,,0.0,0.0,0.0,0,(),0.0,0.0
2555,,0.0,0.0,0.0,0,(),0.0,0.0
2560,,0.0,0.0,0.0,0,(),0.0,0.0
2565,,0.0,0.0,0.0,0,(),0.0,0.0
2570,,0.0,0.0,0.0,0,(),0.0,0.0
2575,,0.0,0.0,0.0,0,(),0.0,0.0
2580,,0.0,0.0,0.0,0,(),0.0,0.0
2585,,0.0,0.0,0.0,0,(),0.0,0.0
2590,,0.0,0.0,0.0,0,(),0.0,0.0
2595,,0.0,0.0,0.0,0,(),0.0,0.0
2600,,0.0,0.0,0.0,0,(),0.0,0.0
2605,,0.0,0.0,0.0,0,(),0.0,0.0
2610,,0.0,0.0,0.0,0,(),0.0,0.0
2615,,0.0,0.0,0.0,0,(),0.0,0.0
2620,,0.0,0.0,0.0,0,(),0.0,0.0
2625,,0.0,0.0,0.0,0,(),0.0,0.0
2630,,0.0,0.0,0.0,0,(),0.0,0.0
2635,,0.0,0.0,0.0,0,(),0.0,0.0
2640,,0.0,0.0,0.0,0,(),0.0,0.0
2645,,0.0,0.0,0.0,0,(),0.0,0.0
2650,,0.0,0.0,0.0,0,(),0.0,0.0
2655,,0.0,0.0,0.0,0,(),0.0,0.0
2660,,0.0,0.0,0.0,0,(),0.0,0.0
2665,,0.0,0.0,0.0,0,(),0.0,0.0
2670,,0.0,0.0,0.0,0,(),0.0,0.0
2675,,0.0,0.0,0.0,0,(),0.0,0.0
2680,,0.0,0.0,0.0,0,(),0.0,0.0
2685,,0.0,0.0,0.0,0,(),0.0,0.0
2690,,0.0,0.0,0.0,0,(),0.0,0.0
2695,,0.0,0.0,0.0,0,(),0.0,0.0
2700,,0.0,0.0,0.0,0,(),0.0,0.0
2705,,0.0,0.0,0.0,0,(),0.0,0.0
2710,,0.0,0.0,0.0,0,(),0.0,0.0
2715,,0.0,0.0,0.0,0,(),0.0,0.0
2720,,0.0,0.0,0.0,0,(),0.0,0.0
2725,,0.0,0.0,0.0,0,(),0.0,0.0
2730,,0.0,0.0,0.0,0,(),0.0,0.0
2735,,0.0,0.0,0.0,0,(),0.0,0.0
2740,,0.0,0.0,0.0,0,(),0.0,0.0
2745,,0.0,0.0,0.0,0,(),0.0,0.0
2750,,0.0,0.0,0.0,0,(),0.0,0.0
2755,,0.0,0.0,0.0,0,(),0.0,0.0
2760,,0.0,0.0,0.0,0,(),0.0,0.0
2765,,0.0,0.0,0.0,0,(),0.0,0.0
2770,,0.0,0.0,0.0,0,(),0.0,0.0
2775,,0.0,0.0,0.0,0,(),0.0,0.0
2780,,0.0,0.0,0.0,0,(),0.0,0.0
2785,,0.0,0.0,0.0,0,(),0.0,0.0
2790,,0.0,0.0,0.0,0,(),0.0,0.0
2795,,0.0,0.0,0.0,0,(),0.0,0.0
2800,,0.0,0.0,0.0,0,(),0.0,0.0
2805,,0.0,0.0,0.0,0,(),0.0,0.0
2810,,0.0,0.0,0.0,0,(),0.0,0.0
2815,,0.0,0.0,0.0,0,(),0.0,0.0
2820,,0.0,0.0,0.0,0,(),0.0,0.0
2825,,0.0,0.0,0.0,0,(),0.0,0.0
2830,,0.0,0.0,0.0,0,(),0.0,0.0
2835,,0.0,0.0,0.0,0,(),0.0,0.0
2840,,0.0,0.0,0.0,0,(),0.0,0.0
2845,,0.0,0.0,0.0,0,(),0.0,0.0
2850,,0.0,0.0,0.0,0,(),0.0,0.0
2855,,0.0,0.0,0.0,0,(),0.0,0.0
2860,,0.0,0.0,0.0,0,(),0.0,0.0
2865,,0.0,0.0,0.0,0,(),0.0,0.0
2870,,0.0,0.0,0.0,0,(),0.0,0.0
2875,,0.0,0.0,0.0,0,(),0.0,0.0
2880,,0.0,0.0,0.0,0,(),0.0,0.0
2885,,0.0,0.0,0.0,0,(),0.0,0.0
2890,,0.0,0.0,0.0,0,(),0.0,0.0
2895,,0.0,0.0,0.0,0,(),0.0,0.0
2900,,0.0,0.0,0.0,0,(),0.0,0.0
2905,,0.0,0.0,0.0,0,(),0.0,0.0
2910,,0.0,0.0,0.0,0,(),0.0,0.0
2915,,0.0,0.0,0.0,0,(),0.0,0.0
2920,,0.0,0.0,0.0,0,(),0.0,0.0
2925,,0.0,0.0,0.0,0,(),0.0,0.0
2930,,0.0,0.0,0.0,0,(),0.0,0.0
2935,,0.0,0.0,0.0,0,(),0.0,0.0
2940,,0.0,0.0,0.0,0,(),0.0,0.0
2945,,0.0,0.0,0.0,0,(),0.0,0.0
2950,,0.0,0.0,0.0,0,(),0.0,0.0
2955,,0.0,0.0,0.0,0,(),0.0,0.0
2960,,0.0,0.0,0.0,0,(),0.0,0.0
2965,,0.0,0.0,0.0,0,(),0.0,0.0
2970,,0.0,0.0,0.0,0,(),0.0,0.0
2975,,0.0,0.0,0.0,0,(),0.0,0.0
2980,,0.0,0.0,0.0,0,(),0.0,0.0
2985,,0.0,0.0,0.0,0,(),0.0,0.0
2990,,0.0,0.0,0.0,0,(),0.0,0.0
2995,,0.0,0.0,0.0,0,(),0.0,0.0
3000,,0.0,0.0,0.0,0,(),0.0,0.0
3005,,0.0,0.0,0.0,0,(),0.0,0.0
3010,,0.0,0.0,0.0,0,(),0.0,0.0
3015,,0.0,0.0,0.0,0,(),0.0,0.0
3020,,0.0,0.0,0.0,0,(),0.0,0.0
3025,,0.0,0.0,0.0,0,(),0.0,0.0
3030,,0.0,0.0,0.0,0,(),0.0,0.0
3035,,0.0,0.0,0.0,0,(),0.0,0.0
3040,,0.0,0.0,0.0,0,(),0.0,0.0
3045,,0.0,0.0,0.0,0,(),0.0,0.0
3050,,0.0,0.0,0.0,0,(),0.0,0.0
3055,,0.0,0.0,0.0,0,(),0.0,0.0
3060,,0.0,0.0,0.0,0,(),0.0,0.0
3065,,0.0,0.0,0.0,0,(),0.0,0.0
3070,,0.0,0.0,0.0,0,(),0.0,0.0
3075,,0.0,0.0,0.0,0,(),0.0,0.0
3080,,0.0,0.0,0.0,0,(),0.0,0.0
3085,,0.0,0.0,0.0,0,(),0.0,0.0
3090,,0.0,0.0,0.0,0,(),0.0,0.0
3095,,0.0,0.0,0.0,0,(),0.0,0.0
3100,,0.0,0.0,0.0,0,(),0.0,0.0
3105,,0.0,0.0,0.0,0,(),0.0,0.0
3110,,0.0,0.0,0.0,0,(),0.0,0.0
3115,,0.0,0.0,0.0,0,(),0.0,0.0
3120,,0.0,0.0,0.0,0,(),0.0,0.0
3125,,0.0,0.0,0.0,0,(),0.0,0.0
3130,,0.0,0.0,0.0,0,(),0.0,0.0
3135,,0.0,0.0,0.0,0,(),0.0,0.0
3140,,0.0,0.0,0.0,0,(),0.0,0.0
3145,,0.0,0.0,0.0,0,(),0.0,0.0
3150,,0.0,0.0,0.0,0,(),0.0,0.0
3155,,0.0,0.0,0.0,0,(),0.0,0.0
3160,,0.0,0.0,0.0,0,(),0.0,0.0
3165,,0.0,0.0,0.0,0,(),0.0,0.0
3170,,0.0,0.0,0.0,0,(),0.0,0.0
3175,,0.0,0.0,0.0,0,(),0.0,0.0
3180,,0.0,0.0,0.0,0,(),0.0,0.0
3185,,0.0,0.0,0.0,0,(),0.0,0.0
3190,,0.0,0.0,0.0,0,(),0.0,0.0
3195,,0.0,0.0,0.0,0,(),0.0,0.0
3200,,0.0,0.0,0.0,0,(),0.0,0.0
3205,,0.0,0.0,0.0,0,(),0.0,0.0
3210,,0.0,0.0,0.0,0,(),0.0,0.0
3215,,0.0,0.0,0.0,0,(),0.0,0.0
3220,,0.0,0.0,0.0,0,(),0.0,0.0
3225,,0.0,0.0,0.0,0,(),0.0,0.0
3230,,0.0,0.0,0.0,0,(),0.0,0.0
3235,,0.0,0.0,0.0,0,(),0.0,0.0
3240,,0.0,0.0,0.0,0,(),0.0,0.0
3245,,0.0,0.0,0.0,0,(),0.0,0.0
3250,,0.0,0.0,0.0,0,(),0.0,0.0
3255,,0.0,0.0,0.0,0,(),0.0,0.0
3260,,0.0,0.0,0.0,0,(),0.0,0.0
3265,,0.0,0.0,0.0,0,(),0.0,0.0
3270,,0.0,0.0,0.0,0,(),0.0,0.0
3275,,0.0,0.0,0.0,0,(),0.0,0.0
3280,,0.0,0.0,0.0,0,(),0.0,0.0
3285,,0.0,0.0,0.0,0,(),0.0,0.0
3290,,0.0,0.0,0.0,0,(),0.0,0.0
3295,,0.0,0.0,0.0,0,(),0.0,0.0
3300,,0.0,0.0,0.0,0,(),0.0,0.0
3305,,0.0,0.0,0.0,0,(),0.0,0.0
3310,,0.0,0.0,0.0,0,(),0.0,0.0
3315,,0.0,0.0,0.0,0,(),0.0,0.0
3320,,0.0,0.0,0.0,0,(),0.0,0.0
3325,,0.0,0.0,0.0,0,(),0.0,0.0
3330,,0.0,0.0,0.0,0,(),0.0,0.0
3335,,0.0,0.0,0.0,0,(),0.0,0.0
3340,,0.0,0.0,0.0,0,(),0.0,0.0
3345,,0.0,0.0,0.0,0,(),0.0,0.0
3350,,0.0,0.0,0.0,0,(),0.0,0.0
3355,,0.0,0.0,0.0,0,(),0.0,0.0
3360,,0.0,0.0,0.0,0,(),0.0,0.0
3365,,0.0,0.0,0.0,0,(),0.0,0.0
3370,,0.0,0.0,0.0,0,(),0.0,0.0
3375,,0.0,0.0,0.0,0,(),0.0,0.0
3380,,0.0,0.0,0.0,0,(),0.0,0.0
3385,,0.0,0.0,0.0,0,(),0.0,0.0
3390,,0.0,0.0,0.0,0,(),0.0,0.0
3395,,0.0,0.0,0.0,0,(),0.0,0.0
3400,,0.0,0.0,0.0,0,(),0.0,0.0
3405,,0.0,0.0,0.0,0,(),0.0,0.0
3410,,0.0,0.0,0.0,0,(),0.0,0.0
3415,,0.0,0.0,0.0,0,(),0.0,0.0
3420,,0.0,0.0,0.0,0,(),0.0,0.0
3425,,0.0,0.0,0.0,0,(),0.0,0.0
3430,,0.0,0.0,0.0,0,(),0.0,0.0
3435,,0.0,0.0,0.0,0,(),0.0,0.0
3440,,0.0,0.0,0.0,0,(),0.0,0.0
3445,,0.0,0.0,0.0,0,(),0.0,0.0
3450,,0.0,0.0,0.0,0,(),0.0,0.0
3455,,0.0,0.0,0.0,0,(),0.0,0.0
3460,,0.0,0.0,0.0,0,(),0.0,0.0
3465,,0.0,0.0,0.0,0,(),0.0,0.0
3470,,0.0,0.0,0.0,0,(),0.0,0.0
3475,,0.0,0.0,0.0,0,(),0.0,0.0
3480,,0.0,0.0,0.0,0,(),0.0,0.0
3485,,0.0,0.0,0.0,0,(),0.0,0.0
3490,,0.0,0.0,0.0,0,(),0.0,0.0
3495,,0.0,0.0,0.0,0,(),0.0,0.0
3500,,0.0,0.0,0.0,0,(),0.0,0.0
3505,,0.0,0.0,0.0,0,(),0.0,0.0
3510,,0.0,0.0,0.0,0,(),0.0,0.0
3515,,0.0,0.0,0.0,0,(),0.0,0.0
3520,,0.0,0.0,0.0,0,(),0.0,0.0
3525,,0.0,0.0,0.0,0,(),0.0,0.0
3530,,0.0,0.0,0.0,0,(),0.0,0.0
3535,,0.0,0.0,0.0,0,(),0.0,0.0
3540,,0.0,0.0,0.0,0,(),0.0,0.0
3545,,0.0,0.0,0.0,0,(),0.0,0.0
3550,,0.0,0.0,0.0,0,(),0.0,0.0
3555,,0.0,0.0,0.0,0,(),0.0,0.0
3560,,0.0,0.0,0.0,0,(),0.0,0.0
3565,,0.0,0.0,0.0,0,(),0.0,0.0
3570,,0.0,0.0,0.0,0,(),0.0,0.0
3575,,0.0,0.0,0.0,0,(),0.0,0.0
3580,,0.0,0.0,0.0,0,(),0.0,0.0
3585,,0.0,0.0,0.0,0,(),0.0,0.0
3590,,0.0,0.0,0.0,0,(),0.0,0.0
3595,,0.0,0.0,0.0,0,(),0.0,0.0
3600,,0.0,0.0,0.0,0,(),0.0,0.0
3605,,0.0,0.0,0.0,0,(),0.0,0.0
3610,,0.0,0.0,0.0,0,(),0.0,0.0
3615,,0.0,0.0,0.0,0,(),0.0,0.0
3620,,0.0,0.0,0.0,0,(),0.0,0.0
3625,,0.0,0.0,0.0,0,(),0.0,0.0
3630,,0.0,0.0,0.0,0,(),0.0,0.0
3635,,0.0,0.0,0.0,0,(),0.0,0.0
3640,,0.0,0.0,0.0,0,(),0.0,0.0
3645,,0.0,0.0,0.0,0,(),0.0,0.0
3650,,0.0,0.0,0.0,0,(),0.0,0.0
3655,,0.0,0.0,0.0,0,(),0.0,0.0
3660,,0.0,0.0,0.0,0,(),0.0,0.0
3665,,0.0,0.0,0.0,0,(),0.0,0.0
3670,,0.0,0.0,0.0,0,(),0.0,0.0
3675,,0.0,0.0,0.0,0,(),0.0,0.0
3680,,0.0,0.0,0.0,0,(),0.0,0.0
3685,,0.0,0.0,0.0,0,(),0.0,0.0
3690,,0.0,0.0,0.0,0,(),0.0,0.0
3695,,0.0,0.0,0.0,0,(),0.0,0.0
3700,,0.0,0.0,0.0,0,(),0.0,0.0
3705,,0.0,0.0,0.0,0,(),0.0,0.0
3710,,0.0,0.0,0.0,0,(),0.0,0.0
3715,,0.0,0.0,0.0,0,(),0.0,0.0
3720,,0.0,0.0,0.0,0,(),0.0,0.0
3725,,0.0,0.0,0.0,0,(),0.0,0.0
3730,,0.0,0.0,0.0,0,(),0.0,0.0
3735,,0.0,0.0,0.0,0,(),0.0,0.0
3740,,0.0,0.0,0.0,0,(),0.0,0.0
3745,,0.0,0.0,0.0,0,(),0.0,0.0
3750,,0.0,0.0,0.0,0,(),0.0,0.0
3755,,0.0,0.0,0.0,0,(),0.0,0.0
3760,,0.0,0.0,0.0,0,(),0.0,0.0
3765,,0.0,0.0,0.0,0,(),0.0,0.0
3770,,0.0,0.0,0.0,0,(),0.0,0.0
3775,,0.0,0.0,0.0,0,(),0.0,0.0
3780,,0.0,0.0,0.0,0,(),0.0,0.0
3785,,0.0,0.0,0.0,0,(),0.0,0.0
3790,,0.0,0.0,0.0,0,(),0.0,0.0
3795,,0.0,0.0,0.0,0,(),0.0,0.0
3800,,0.0,0.0,0.0,0,(),0.0,0.0
3805,,0.0,0.0,0.0,0,(),0.0,0.0
3810,,0.0,0.0,0.0,0,(),0.0,0.0
3815,,0.0,0.0,0.0,0,(),0.0,0.0
3820,,0.0,0.0,0.0,0,(),0.0,0.0
3825,,0.0,0.0,0.0,0,(),0.0,0.0
3830,,0.0,0.0,0.0,0,(),0.0,0.0
3835,,0.0,0.0,0.0,0,(),0.0,0.0
3840,,0.0,0.0,0.0,0,(),0.0,0.0
3845,,0.0,0.0,0.0,0,(),0.0,0.0
3850,,0.0,0.0,0.0,0,(),0.0,0.0
3855,,0.0,0.0,0.0,0,(),0.0,0.0
3860,,0.0,0.0,0.0,0,(),0.0,0.0
3865,,0.0,0.0,0.0,0,(),0.0,0.0
3870,,0.0,0.0,0.0,0,(),0.0,0.0
3875,,0.0,0.0,0.0,0,(),0.0,0.0
3880,,0.0,0.0,0.0,0,(),0.0,0.0
3885,,0.0,0.0,0.0,0,(),0.0,0.0
3890,,0.0,0.0,0.0,0,(),0.0,0.0
3895,,0.0,0.0,0.0,0,(),0.0,0.0
3900,,0.0,0.0,0.0,0,(),0.0,0.0
3905,,0.0,0.0,0.0,0,(),0.0,0.0
3910,,0.0,0.0,0.0,0,(),0.0,0.0
3915,,0.0,0.0,0.0,0,(),0.0,0.0
3920,,0.0,0.0,0.0,0,(),0.0,0.0
3925,,0.0,0.0,0.0,0,(),0.0,0.0
3930,,0.0,0.0,0.0,0,(),0.0,0.0
3935,,0.0,0.0,0.0,0,(),0.0,0.0
3940,,0.0,0.0,0.0,0,(),0.0,0.0
3945,,0.0,0.0,0.0,0,(),0.0,0.0
3950,,0.0,0.0,0.0,0,(),0.0,0.0
3955,,0.0,0.0,0.0,0,(),0.0,0.0
3960,,0.0,0.0,0.0,0,(),0.0,0.0
3965,,0.0,0.0,0.0,0,(),0.0,0.0
3970,,0.0,0.0,0.0,0,(),0.0,0.0
3975,,0.0,0.0,0.0,0,(),0.0,0.0
3980,,0.0,0.0,0.0,0,(),0.0,0.0
3985,,0.0,0.0,0.0,0,(),0.0,0.0
3990,,0.0,0.0,0.0,0,(),0.0,0.0
3995,,0.0,0.0,0.0,0,(),0.0,0.0
4000,,0.0,0.0,0.0,0,(),0.0,0.0
4005,,0.0,0.0,0.0,0,(),0.0,0.0
4010,,0.0,0.0,0.0,0,(),0.0,0.0
4015,,0.0,0.0,0.0,0,(),0.0,0.0
4020,,0.0,0.0,0.0,0,(),0.0,0.0
4025,,0.0,0.0,0.0,0,(),0.0,0.0
4030,,0.0,0.0,0.0,0,(),0.0,0.0
4035,,0.0,0.0,0.0,0,(),0.0,0.0
4040,,0.0,0.0,0.0,0,(),0.0,0.0
4045,,0.0,0.0,0.0,0,(),0.0,0.0
4050,,0.0,0.0,0.0,0,(),0.0,0.0
4055,,0.0,0.0,0.0,0,(),0.0,0.0
4060,,0.0,0.0,0.0,0,(),0.0,0.0
4065,,0.0,0.0,0.0,0,(),0.0,0.0
4070,,0.0,0.0,0.0,0,(),0.0,0.0
4075,,0.0,0.0,0.0,0,(),0.0,0.0
4080,,0.0,0.0,0.0,0,(),0.0,0.0
4085,,0.0,0.0,0.0,0,(),0.0,0.0
4090,,0.0,0.0,0.0,0,(),0.0,0.0
4095,,0.0,0.0,0.0,0,(),0.0,0.0
4100,,0.0,0.0,0.0,0,(),0.0,0.0
4105,,0.0,0.0,0.0,0,(),0.0,0.0
4110,,0.0,0.0,0.0,0,(),0.0,0.0
4115,,0.0,0.0,0.0,0,(),0.0,0.0
4120,,0.0,0.0,0.0,0,(),0.0,0.0
4125,,0.0,0.0,0.0,0,(),0.0,0.0
4130,,0.0,0.0,0.0,0,(),0.0,0.0
4135,,0.0,0.0,0.0,0,(),0.0,0.0
4140,,0.0,0.0,0.0,0,(),0.0,0.0
4145,,0.0,0.0,0.0,0,(),0.0,0.0
4150,,0.0,0.0,0.0,0,(),0.0,0.0
4155,,0.0,0.0,0.0,0,(),0.0,0.0
4160,,0.0,0.0,0.0,0,(),0.0,0.0
4165,,0.0,0.0,0.0,0,(),0.0,0.0
4170,,0.0,0.0,0.0,0,(),0.0,0.0
4175,,0.0,0.0,0.0,0,(),0.0,0.0
4180,,0.0,0.0,0.0,0,(),0.0,0.0
4185,,0.0,0.0,0.0,0,(),0.0,0.0
4190,,0.0,0.0,0.0,0,(),0.0,0.0
4195,,0.0,0.0,0.0,0,(),0.0,0.0
4200,,0.0,0.0,0.0,0,(),0.0,0.0
4205,,0.0,0.0,0.0,0,(),0.0,0.0
4210,,0.0,0.0,0.0,0,(),0.0,0.0
4215,,0.0,0.0,0.0,0,(),0.0,0.0
4220,,0.0,0.0,0.0,0,(),0.0,0.0
4225,,0.0,0.0,0.0,0,(),0.0,0.0
4230,,0.0,0.0,0.0,0,(),0.0,0.0
4235,,0.0,0.0,0.0,0,(),0.0,0.0
4240,,0.0,0.0,0.0,0,(),0.0,0.0
4245,,0.0,0.0,0.0,0,(),0.0,0.0
4250,,0.0,0.0,0.0,0,(),0.0,0.0
4255,,0.0,0.0,0.0,0,(),0.0,0.0
4260,,0.0,0.0,0.0,0,(),0.0,0.0
4265,,0.0,0.0,0.0,0,(),0.0,0.0
4270,,0.0,0.0,0.0,0,(),0.0,0.0
4275,,0.0,0.0,0.0,0,(),0.0,0.0
4280,,0.0,0.0,0.0,0,(),0.0,0.0
4285,,0.0,0.0,0.0,0,(),0.0,0.0
4290,,0.0,0.0,0.0,0,(),0.0,0.0
4295,,0.0,0.0,0.0,0,(),0.0,0.0
4300,,0.0,0.0,0.0,0,(),0.0,0.0
4305,,0.0,0.0,0.0,0,(),0.0,0.0
4310,,0.0,0.0,0.0,0,(),0.0,0.0
4315,,0.0,0.0,0.0,0,(),0.0,0.0
4320,,0.0,0.0,0.0,0,(),0.0,0.0
4325,,0.0,0.0,0.0,0,(),0.0,0.0
4330,,0.0,0.0,0.0,0,(),0.0,0.0
4335,,0.0,0.0,0.0,0,(),0.0,0.0
4340,,0.0,0.0,0.0,0,(),0.0,0.0
4345,,0.0,0.0,0.0,0,(),0.0,0.0
4350,,0.0,0.0,0.0,0,(),0.0,0.0
4355,,0.0,0.0,0.0,0,(),0.0,0.0
4360,,0.0,0.0,0.0,0,(),0.0,0.0
4365,,0.0,0.0,0.0,0,(),0.0,0.0
4370,,0.0,0.0,0.0,0,(),0.0,0.0
4375,,0.0,0.0,0.0,0,(),0.0,0.0
4380,,0.0,0.0,0.0,0,(),0.0,0.0
4385,,0.0,0.0,0.0,0,(),0.0,0.0
4390,,0.0,0.0,0.0,0,(),0.0,0.0
4395,,0.0,0.0,0.0,0,(),0.0,0.0
4400,,0.0,0.0,0.0,0,(),0.0,0.0
4405,,0.0,0.0,0.0,0,(),0.0,0.0
4410,,0.0,0.0,0.0,0,(),0.0,0.0
4415,,0.0,0.0,0.0,0,(),0.0,0.0
4420,,0.0,0.0,0.0,0,(),0.0,0.0
4425,,0.0,0.0,0.0,0,(),0.0,0.0
4430,,0.0,0.0,0.0,0,(),0.0,0.0
4435,,0.0,0.0,0.0,0,(),0.0,0.0
4440,,0.0,0.0,0.0,0,(),0.0,0.0
4445,,0.0,0.0,0.0,0,(),0.0,0.0
4450,,0.0,0.0,0.0,0,(),0.0,0.0
4455,,0.0,0.0,0.0,0,(),0.0,0.0
4460,,0.0,0.0,0.0,0,(),0.0,0.0
4465,,0.0,0.0,0.0,0,(),0.0,0.0
4470,,0.0,0.0,0.0,0,(),0.0,0.0
4475,,0.0,0.0,0.0,0,(),0.0,0.0
4480,,0.0,0.0,0.0,0,(),0.0,0.0
4485,,0.0,0.0,0.0,0,(),0.0,0.0
4490,,0.0,0.0,0.0,0,(),0.0,0.0
4495,,0.0,0.0,0.0,0,(),0.0,0.0
4500,,0.0,0.0,0.0,0,(),0.0,0.0
4505,,0.0,0.0,0.0,0,(),0.0,0.0
4510,,0.0,0.0,0.0,0,(),0.0,0.0
4515,,0.0,0.0,0.0,0,(),0.0,0.0
4520,,0.0,0.0,0.0,0,(),0.0,0.0
4525,,0.0,0.0,0.0,0,(),0.0,0.0
4530,,0.0,0.0,0.0,0,(),0.0,0.0
4535,,0.0,0.0,0.0,0,(),0.0,0.0
4540,,0.0,0.0,0.0,0,(),0.0,0.0
4545,,0.0,0.0,0.0,0,(),0.0,0.0
4550,,0.0,0.0,0.0,0,(),0.0,0.0
4555,,0.0,0.0,0.0,0,(),0.0,0.0
4560,,0.0,0.0,0.0,0,(),0.0,0.0
4565,,0.0,0.0,0.0,0,(),0.0,0.0
4570,,0.0,0.0,0.0,0,(),0.0,0.0
4575,,0.0,0.0,0.0,0,(),0.0,0.0
4580,,0.0,0.0,0.0,0,(),0.0,0.0
4585,,0.0,0.0,0.0,0,(),0.0,0.0
4590,,0.0,0.0,0.0,0,(),0.0,0.0
4595,,0.0,0.0,0.0,0,(),0.0,0.0
4600,,0.0,0.0,0.0,0,(),0.0,0.0
4605,,0.0,0.0,0.0,0,(),0.0,0.0
4610,,0.0,0.0,0.0,0,(),0.0,0.0
4615,,0.0,0.0,0.0,0,(),0.0,0.0
4620,,0.0,0.0,0.0,0,(),0.0,0.0
4625,,0.0,0.0,0.0,0,(),0.0,0.0
4630,,0.0,0.0,0.0,0,(),0.0,0.0
4635,,0.0,0.0,0.0,0,(),0.0,0.0
4640,,0.0,0.0,0.0,0,(),0.0,0.0
4645,,0.0,0.0,0.0,0,(),0.0,0.0
4650,,0.0,0.0,0.0,0,(),0.0,0.0
4655,,0.0,0.0,0.0,0,(),0.0,0.0
4660,,0.0,0.0,0.0,0,(),0.0,0.0
4665,,0.0,0.0,0.0,0,(),0.0,0.0
4670,,0.0,0.0,0.0,0,(),0.0,0.0
4675,,0.0,0.0,0.0,0,(),0.0,0.0
4680,,0.0,0.0,0.0,0,(),0.0,0.0
4685,,0.0,0.0,0.0,0,(),0.0,0.0
4690,,0.0,0.0,0.0,0,(),0.0,0.0
4695,,0.0,0.0,0.0,0,(),0.0,0.0
4700,,0.0,0.0,0.0,0,(),0.0,0.0
4705,,0.0,0.0,0.0,0,(),0.0,0.0
4710,,0.0,0.0,0.0,0,(),0.0,0.0
4715,,0.0,0.0,0.0,0,(),0.0,0.0
4720,,0.0,0.0,0.0,0,(),0.0,0.0
4725,,0.0,0.0,0.0,0,(),0.0,0.0
4730,,0.0,0.0,0.0,0,(),0.0,0.0
4735,,0.0,0.0,0.0,0,(),0.0,0.0
4740,,0.0,0.0,0.0,0,(),0.0,0.0
4745,,0.0,0.0,0.0,0,(),0.0,0.0
4750,,0.0,0.0,0.0,0,(),0.0,0.0
4755,,0.0,0.0,0.0,0,(),0.0,0.0
4760,,0.0,0.0,0.0,0,(),0.0,0.0
4765,,0.0,0.0,0.0,0,(),0.0,0.0
4770,,0.0,0.0,0.0,0,(),0.0,0.0
4775,,0.0,0.0,0.0,0,(),0.0,0.0
4780,,0.0,0.0,0.0,0,(),0.0,0.0
4785,,0.0,0.0,0.0,0,(),0.0,0.0
4790,,0.0,0.0,0.0,0,(),0.0,0.0
4795,,0.0,0.0,0.0,0,(),0.0,0.0
4800,,0.0,0.0,0.0,0,(),0.0,0.0
4805,,0.0,0.0,0.0,0,(),0.0,0.0
4810,,0.0,0.0,0.0,0,(),0.0,0.0
4815,,0.0,0.0,0.0,0,(),0.0,0.0
4820,,0.0,0.0,0.0,0,(),0.0,0.0
4825,,0.0,0.0,0.0,0,(),0.0,0.0
4830,,0.0,0.0,0.0,0,(),0.0,0.0
4835,,0.0,0.0,0.0,0,(),0.0,0.0
4840,,0.0,0.0,0.0,0,(),0.0,0.0
4845,,0.0,0.0,0.0,0,(),0.0,0.0
4850,,0.0,0.0,0.0,0,(),0.0,0.0
4855,,0.0,0.0,0.0,0,(),0.0,0.0
4860,,0.0,0.0,0.0,0,(),0.0,0.0
4865,,0.0,0.0,0.0,0,(),0.0,0.0
4870,,0.0,0.0,0.0,0,(),0.0,0.0
4875,,0.0,0.0,0.0,0,(),0.0,0.0
4880,,0.0,0.0,0.0,0,(),0.0,0.0
4885,,0.0,0.0,0.0,0,(),0.0,0.0
4890,,0.0,0.0,0.0,0,(),0.0,0.0
4895,,0.0,0.0,0.0,0,(),0.0,0.0
4900,,0.0,0.0,0.0,0,(),0.0,0.0
4905,,0.0,0.0,0.0,0,(),0.0,0.0
4910,,0.0,0.0,0.0,0,(),0.0,0.0
4915,,0.0,0.0,0.0,0,(),0.0,0.0
4920,,0.0,0.0,0.0,0,(),0.0,0.0
4925,,0.0,0.0,0.0,0,(),0.0,0.0
4930,,0.0,0.0,0.0,0,(),0.0,0.0
4935,,0.0,0.0,0.0,0,(),0.0,0.0
4940,,0.0,0.0,0.0,0,(),0.0,0.0
4945,,0.0,0.0,0.0,0,(),0.0,0.0
4950,,0.0,0.0,0.0,0,(),0.0,0.0
4955,,0.0,0.0,0.0,0,(),0.0,0.0
4960,,0.0,0.0,0.0,0,(),0.0,0.0
4965,,0.0,0.0,0.0,0,(),0.0,0.0
4970,,0.0,0.0,0.0,0,(),0.0,0.0
4975,,0.0,0.0,0.0,0,(),0.0,0.0
4980,,0.0,0.0,0.0,0,(),0.0,0.0
4985,,0.0,0.0,0.0,0,(),0.0,0.0
4990,,0.0,0.0,0.0,0,(),0.0,0.0
4995,,0.0,0.0,0.0,0,(),0.0,0.0
5000,,0.0,0.0,0.0,0,(),0.0,0.0
5005,,0.0,0.0,0.0,0,(),0.0,0.0
5010,,0.0,0.0,0.0,0,(),0.0,0.0
5015,,0.0,0.0,0.0,0,(),0.0,0.0
5020,,0.0,0.0,0.0,0,(),0.0,0.0
5025,,0.0,0.0,0.0,0,(),0.0,0.0
5030,,0.0,0.0,0.0,0,(),0.0,0.0
5035,,0.0,0.0,0.0,0,(),0.0,0.0
5040,,0.0,0.0,0.0,0,(),0.0,0.0
5045,,0.0,0.0,0.0,0,(),0.0,0.0
5050,,0.0,0.0,0.0,0,(),0.0,0.0
5055,,0.0,0.0,0.0,0,(),0.0,0.0
5060,,0.0,0.0,0.0,0,(),0.0,0.0
5065,,0.0,0.0,0.0,0,(),0.0,0.0
5070,,0.0,0.0,0.0,0,(),0.0,0.0
5075,,0.0,0.0,0.0,0,(),0.0,0.0
5080,,0.0,0.0,0.0,0,(),0.0,0.0
5085,,0.0,0.0,0.0,0,(),0.0,0.0
5090,,0.0,0.0,0.0,0,(),0.0,0.0
5095,,0.0,0.0,0.0,0,(),0.0,0.0
5100,,0.0,0.0,0.0,0,(),0.0,0.0
5105,,0.0,0.0,0.0,0,(),0.0,0.0
5110,,0.0,0.0,0.0,0,(),0.0,0.0
5115,,0.0,0.0,0.0,0,(),0.0,0.0
5120,,0.0,0.0,0.0,0,(),0.0,0.0
5125,,0.0,0.0,0.0,0,(),0.0,0.0
5130,,0.0,0.0,0.0,0,"('ped9064',)",0.0,0.0
5135,,0.0,0.0,0.0,0,"('ped9064',)",0.0,0.0
5140,,0.0,0.0,0.0,0,"('ped9064',)",0.0,0.0
5145,,0.0,0.0,0.0,0,(),0.0,0.0
5150,,0.0,0.0,0.0,0,(),0.0,0.0
5155,,0.0,0.0,0.0,0,(),0.0,0.0
5160,,0.0,0.0,0.0,0,(),0.0,0.0
5165,,0.0,0.0,0.0,0,(),0.0,0.0
5170,,0.0,0.0,0.0,0,(),0.0,0.0
5175,,0.0,0.0,0.0,0,(),0.0,0.0
5180,,0.0,0.0,0.0,0,(),0.0,0.0
5185,,0.0,0.0,0.0,0,(),0.0,0.0
5190,,0.0,0.0,0.0,0,(),0.0,0.0
5195,,0.0,0.0,0.0,0,(),0.0,0.0
5200,,0.0,0.0,0.0,0,(),0.0,0.0
5205,,0.0,0.0,0.0,0,(),0.0,0.0
5210,,0.0,0.0,0.0,0,(),0.0,0.0
5215,,0.0,0.0,0.0,0,(),0.0,0.0
5220,,0.0,0.0,0.0,0,(),0.0,0.0
5225,,0.0,0.0,0.0,0,(),0.0,0.0
5230,,0.0,0.0,0.0,0,(),0.0,0.0
5235,,0.0,0.0,0.0,0,(),0.0,0.0
5240,,0.0,0.0,0.0,0,(),0.0,0.0
5245,,0.0,0.0,0.0,0,(),0.0,0.0
5250,,0.0,0.0,0.0,0,(),0.0,0.0
5255,,0.0,0.0,0.0,0,(),0.0,0.0
5260,,0.0,0.0,0.0,0,(),0.0,0.0
5265,,0.0,0.0,0.0,0,(),0.0,0.0
5270,,0.0,0.0,0.0,0,(),0.0,0.0
5275,,0.0,0.0,0.0,0,(),0.0,0.0
5280,,0.0,0.0,0.0,0,(),0.0,0.0
5285,,0.0,0.0,0.0,0,(),0.0,0.0
5290,,0.0,0.0,0.0,0,(),0.0,0.0
5295,,0.0,0.0,0.0,0,(),0.0,0.0
5300,,0.0,0.0,0.0,0,(),0.0,0.0
5305,,0.0,0.0,0.0,0,(),0.0,0.0
5310,,0.0,0.0,0.0,0,(),0.0,0.0
5315,,0.0,0.0,0.0,0,(),0.0,0.0
5320,,0.0,0.0,0.0,0,(),0.0,0.0
5325,,0.0,0.0,0.0,0,(),0.0,0.0
5330,,0.0,0.0,0.0,0,(),0.0,0.0
5335,,0.0,0.0,0.0,0,(),0.0,0.0
5340,,0.0,0.0,0.0,0,(),0.0,0.0
5345,,0.0,0.0,0.0,0,(),0.0,0.0
5350,,0.0,0.0,0.0,0,(),0.0,0.0
5355,,0.0,0.0,0.0,0,(),0.0,0.0
5360,,0.0,0.0,0.0,0,(),0.0,0.0
5365,,0.0,0.0,0.0,0,(),0.0,0.0
5370,,0.0,0.0,0.0,0,(),0.0,0.0
5375,,0.0,0.0,0.0,0,(),0.0,0.0
5380,,0.0,0.0,0.0,0,(),0.0,0.0
5385,,0.0,0.0,0.0,0,(),0.0,0.0
5390,,0.0,0.0,0.0,0,(),0.0,0.0
5395,,0.0,0.0,0.0,0,(),0.0,0.0
5400,,0.0,0.0,0.0,0,(),0.0,0.0
5405,,0.0,0.0,0.0,0,(),0.0,0.0
5410,,0.0,0.0,0.0,0,(),0.0,0.0
5415,,0.0,0.0,0.0,0,(),0.0,0.0
5420,,0.0,0.0,0.0,0,(),0.0,0.0
5425,,0.0,0.0,0.0,0,(),0.0,0.0
5430,,0.0,0.0,0.0,0,(),0.0,0.0
5435,,0.0,0.0,0.0,0,(),0.0,0.0
5440,,0.0,0.0,0.0,0,(),0.0,0.0
5445,,0.0,0.0,0.0,0,(),0.0,0.0
5450,,0.0,0.0,0.0,0,(),0.0,0.0
5455,,0.0,0.0,0.0,0,(),0.0,0.0
5460,,0.0,0.0,0.0,0,(),0.0,0.0
5465,,0.0,0.0,0.0,0,(),0.0,0.0
5470,,0.0,0.0,0.0,0,(),0.0,0.0
5475,,0.0,0.0,0.0,0,(),0.0,0.0
5480,,0.0,0.0,0.0,0,(),0.0,0.0
5485,,0.0,0.0,0.0,0,(),0.0,0.0
5490,,0.0,0.0,0.0,0,(),0.0,0.0
5495,,0.0,0.0,0.0,0,(),0.0,0.0
5500,,0.0,0.0,0.0,0,(),0.0,0.0
5505,,0.0,0.0,0.0,0,(),0.0,0.0
5510,,0.0,0.0,0.0,0,(),0.0,0.0
5515,,0.0,0.0,0.0,0,(),0.0,0.0
5520,,0.0,0.0,0.0,0,(),0.0,0.0
5525,,0.0,0.0,0.0,0,(),0.0,0.0
5530,,0.0,0.0,0.0,0,(),0.0,0.0
5535,,0.0,0.0,0.0,0,(),0.0,0.0
5540,,0.0,0.0,0.0,0,(),0.0,0.0
5545,,0.0,0.0,0.0,0,(),0.0,0.0
5550,,0.0,0.0,0.0,0,(),0.0,0.0
5555,,0.0,0.0,0.0,0,(),0.0,0.0
5560,,0.0,0.0,0.0,0,(),0.0,0.0
5565,,0.0,0.0,0.0,0,(),0.0,0.0
5570,,0.0,0.0,0.0,0,(),0.0,0.0
5575,,0.0,0.0,0.0,0,(),0.0,0.0
5580,,0.0,0.0,0.0,0,(),0.0,0.0
5585,,0.0,0.0,0.0,0,(),0.0,0.0
5590,,0.0,0.0,0.0,0,(),0.0,0.0
5595,,0.0,0.0,0.0,0,(),0.0,0.0
5600,,0.0,0.0,0.0,0,(),0.0,0.0
5605,,0.0,0.0,0.0,0,(),0.0,0.0
5610,,0.0,0.0,0.0,0,(),0.0,0.0
5615,,0.0,0.0,0.0,0,(),0.0,0.0
5620,,0.0,0.0,0.0,0,(),0.0,0.0
5625,,0.0,0.0,0.0,0,(),0.0,0.0
5630,,0.0,0.0,0.0,0,(),0.0,0.0
5635,,0.0,0.0,0.0,0,(),0.0,0.0
5640,,0.0,0.0,0.0,0,(),0.0,0.0
5645,,0.0,0.0,0.0,0,(),0.0,0.0
5650,,0.0,0.0,0.0,0,(),0.0,0.0
5655,,0.0,0.0,0.0,0,(),0.0,0.0
5660,,0.0,0.0,0.0,0,(),0.0,0.0
5665,,0.0,0.0,0.0,0,(),0.0,0.0
5670,,0.0,0.0,0.0,0,(),0.0,0.0
5675,,0.0,0.0,0.0,0,(),0.0,0.0
5680,,0.0,0.0,0.0,0,(),0.0,0.0
5685,,0.0,0.0,0.0,0,(),0.0,0.0
5690,,0.0,0.0,0.0,0,(),0.0,0.0
5695,,0.0,0.0,0.0,0,(),0.0,0.0
5700,,0.0,0.0,0.0,0,(),0.0,0.0
5705,,0.0,0.0,0.0,0,(),0.0,0.0
5710,,0.0,0.0,0.0,0,(),0.0,0.0
5715,,0.0,0.0,0.0,0,(),0.0,0.0
5720,,0.0,0.0,0.0,0,(),0.0,0.0
5725,,0.0,0.0,0.0,0,(),0.0,0.0
5730,,0.0,0.0,0.0,0,(),0.0,0.0
5735,,0.0,0.0,0.0,0,(),0.0,0.0
5740,,0.0,0.0,0.0,0,(),0.0,0.0
5745,,0.0,0.0,0.0,0,(),0.0,0.0
5750,,0.0,0.0,0.0,0,(),0.0,0.0
5755,,0.0,0.0,0.0,0,(),0.0,0.0
5760,,0.0,0.0,0.0,0,(),0.0,0.0
5765,,0.0,0.0,0.0,0,(),0.0,0.0
5770,,0.0,0.0,0.0,0,(),0.0,0.0
5775,,0.0,0.0,0.0,0,(),0.0,0.0
5780,,0.0,0.0,0.0,0,(),0.0,0.0
5785,,0.0,0.0,0.0,0,(),0.0,0.0
5790,,0.0,0.0,0.0,0,(),0.0,0.0
5795,,0.0,0.0,0.0,0,(),0.0,0.0
5800,,0.0,0.0,0.0,0,(),0.0,0.0
5805,,0.0,0.0,0.0,0,(),0.0,0.0
5810,,0.0,0.0,0.0,0,(),0.0,0.0
5815,,0.0,0.0,0.0,0,(),0.0,0.0
5820,,0.0,0.0,0.0,0,(),0.0,0.0
5825,,0.0,0.0,0.0,0,(),0.0,0.0
5830,,0.0,0.0,0.0,0,(),0.0,0.0
5835,,0.0,0.0,0.0,0,(),0.0,0.0
5840,,0.0,0.0,0.0,0,(),0.0,0.0
5845,,0.0,0.0,0.0,0,(),0.0,0.0
5850,,0.0,0.0,0.0,0,(),0.0,0.0
5855,,0.0,0.0,0.0,0,(),0.0,0.0
5860,,0.0,0.0,0.0,0,(),0.0,0.0
5865,,0.0,0.0,0.0,0,(),0.0,0.0
5870,,0.0,0.0,0.0,0,(),0.0,0.0
5875,,0.0,0.0,0.0,0,(),0.0,0.0
5880,,0.0,0.0,0.0,0,(),0.0,0.0
5885,,0.0,0.0,0.0,0,(),0.0,0.0
5890,,0.0,0.0,0.0,0,(),0.0,0.0
5895,,0.0,0.0,0.0,0,(),0.0,0.0
5900,,0.0,0.0,0.0,0,(),0.0,0.0
5905,,0.0,0.0,0.0,0,(),0.0,0.0
5910,,0.0,0.0,0.0,0,(),0.0,0.0
5915,,0.0,0.0,0.0,0,(),0.0,0.0
5920,,0.0,0.0,0.0,0,(),0.0,0.0
5925,,0.0,0.0,0.0,0,(),0.0,0.0
5930,,0.0,0.0,0.0,0,(),0.0,0.0
5935,,0.0,0.0,0.0,0,(),0.0,0.0
5940,,0.0,0.0,0.0,0,(),0.0,0.0
5945,,0.0,0.0,0.0,0,(),0.0,0.0
5950,,0.0,0.0,0.0,0,(),0.0,0.0
5955,,0.0,0.0,0.0,0,(),0.0,0.0
5960,,0.0,0.0,0.0,0,(),0.0,0.0
5965,,0.0,0.0,0.0,0,(),0.0,0.0
5970,,0.0,0.0,0.0,0,(),0.0,0.0
5975,,0.0,0.0,0.0,0,(),0.0,0.0
5980,,0.0,0.0,0.0,0,(),0.0,0.0
5985,,0.0,0.0,0.0,0,(),0.0,0.0
5990,,0.0,0.0,0.0,0,(),0.0,0.0
5995,,0.0,0.0,0.0,0,(),0.0,0.0
6000,,0.0,0.0,0.0,0,(),0.0,0.0
6005,,0.0,0.0,0.0,0,(),0.0,0.0
6010,,0.0,0.0,0.0,0,(),0.0,0.0
6015,,0.0,0.0,0.0,0,(),0.0,0.0
6020,,0.0,0.0,0.0,0,(),0.0,0.0
6025,,0.0,0.0,0.0,0,(),0.0,0.0
6030,,0.0,0.0,0.0,0,(),0.0,0.0
6035,,0.0,0.0,0.0,0,(),0.0,0.0
6040,,0.0,0.0,0.0,0,(),0.0,0.0
6045,,0.0,0.0,0.0,0,(),0.0,0.0
6050,,0.0,0.0,0.0,0,(),0.0,0.0
6055,,0.0,0.0,0.0,0,(),0.0,0.0
6060,,0.0,0.0,0.0,0,(),0.0,0.0
6065,,0.0,0.0,0.0,0,(),0.0,0.0
6070,,0.0,0.0,0.0,0,(),0.0,0.0
6075,,0.0,0.0,0.0,0,(),0.0,0.0
6080,,0.0,0.0,0.0,0,(),0.0,0.0
6085,,0.0,0.0,0.0,0,(),0.0,0.0
6090,,0.0,0.0,0.0,0,(),0.0,0.0
6095,,0.0,0.0,0.0,0,(),0.0,0.0
6100,,0.0,0.0,0.0,0,(),0.0,0.0
6105,,0.0,0.0,0.0,0,(),0.0,0.0
6110,,0.0,0.0,0.0,0,(),0.0,0.0
6115,,0.0,0.0,0.0,0,(),0.0,0.0
6120,,0.0,0.0,0.0,0,(),0.0,0.0
6125,,0.0,0.0,0.0,0,(),0.0,0.0
6130,,0.0,0.0,0.0,0,(),0.0,0.0
6135,,0.0,0.0,0.0,0,(),0.0,0.0
6140,,0.0,0.0,0.0,0,(),0.0,0.0
6145,,0.0,0.0,0.0,0,(),0.0,0.0
6150,,0.0,0.0,0.0,0,(),0.0,0.0
6155,,0.0,0.0,0.0,0,(),0.0,0.0
6160,,0.0,0.0,0.0,0,(),0.0,0.0
6165,,0.0,0.0,0.0,0,(),0.0,0.0
6170,,0.0,0.0,0.0,0,(),0.0,0.0
6175,,0.0,0.0,0.0,0,(),0.0,0.0
6180,,0.0,0.0,0.0,0,(),0.0,0.0
6185,,0.0,0.0,0.0,0,(),0.0,0.0
6190,,0.0,0.0,0.0,0,(),0.0,0.0
6195,,0.0,0.0,0.0,0,(),0.0,0.0
6200,,0.0,0.0,0.0,0,(),0.0,0.0
6205,,0.0,0.0,0.0,0,(),0.0,0.0
6210,,0.0,0.0,0.0,0,(),0.0,0.0
6215,,0.0,0.0,0.0,0,(),0.0,0.0
6220,,0.0,0.0,0.0,0,(),0.0,0.0
6225,,0.0,0.0,0.0,0,(),0.0,0.0
6230,,0.0,0.0,0.0,0,(),0.0,0.0
6235,,0.0,0.0,0.0,0,(),0.0,0.0
6240,,0.0,0.0,0.0,0,(),0.0,0.0
6245,,0.0,0.0,0.0,0,(),0.0,0.0
6250,,0.0,0.0,0.0,0,(),0.0,0.0
6255,,0.0,0.0,0.0,0,(),0.0,0.0
6260,,0.0,0.0,0.0,0,(),0.0,0.0
6265,,0.0,0.0,0.0,0,(),0.0,0.0
6270,,0.0,0.0,0.0,0,(),0.0,0.0
6275,,0.0,0.0,0.0,0,(),0.0,0.0
6280,,0.0,0.0,0.0,0,(),0.0,0.0
6285,,0.0,0.0,0.0,0,(),0.0,0.0
6290,,0.0,0.0,0.0,0,(),0.0,0.0
6295,,0.0,0.0,0.0,0,(),0.0,0.0
6300,,0.0,0.0,0.0,0,(),0.0,0.0
6305,,0.0,0.0,0.0,0,(),0.0,0.0
6310,,0.0,0.0,0.0,0,(),0.0,0.0
6315,,0.0,0.0,0.0,0,(),0.0,0.0
6320,,0.0,0.0,0.0,0,(),0.0,0.0
6325,,0.0,0.0,0.0,0,(),0.0,0.0
6330,,0.0,0.0,0.0,0,(),0.0,0.0
6335,,0.0,0.0,0.0,0,(),0.0,0.0
6340,,0.0,0.0,0.0,0,(),0.0,0.0
6345,,0.0,0.0,0.0,0,(),0.0,0.0
6350,,0.0,0.0,0.0,0,(),0.0,0.0
6355,,0.0,0.0,0.0,0,(),0.0,0.0
6360,,0.0,0.0,0.0,0,(),0.0,0.0
6365,,0.0,0.0,0.0,0,(),0.0,0.0
6370,,0.0,0.0,0.0,0,(),0.0,0.0
6375,,0.0,0.0,0.0,0,(),0.0,0.0
6380,,0.0,0.0,0.0,0,(),0.0,0.0
6385,,0.0,0.0,0.0,0,(),0.0,0.0
6390,,0.0,0.0,0.0,0,(),0.0,0.0
6395,,0.0,0.0,0.0,0,(),0.0,0.0
6400,,0.0,0.0,0.0,0,(),0.0,0.0
6405,,0.0,0.0,0.0,0,(),0.0,0.0
6410,,0.0,0.0,0.0,0,(),0.0,0.0
6415,,0.0,0.0,0.0,0,(),0.0,0.0
6420,,0.0,0.0,0.0,0,(),0.0,0.0
6425,,0.0,0.0,0.0,0,(),0.0,0.0
6430,,0.0,0.0,0.0,0,(),0.0,0.0
6435,,0.0,0.0,0.0,0,(),0.0,0.0
6440,,0.0,0.0,0.0,0,(),0.0,0.0
6445,,0.0,0.0,0.0,0,(),0.0,0.0
6450,,0.0,0.0,0.0,0,(),0.0,0.0
6455,,0.0,0.0,0.0,0,(),0.0,0.0
6460,,0.0,0.0,0.0,0,(),0.0,0.0
6465,,0.0,0.0,0.0,0,(),0.0,0.0
6470,,0.0,0.0,0.0,0,(),0.0,0.0
6475,,0.0,0.0,0.0,0,(),0.0,0.0
6480,,0.0,0.0,0.0,0,(),0.0,0.0
6485,,0.0,0.0,0.0,0,(),0.0,0.0
6490,,0.0,0.0,0.0,0,(),0.0,0.0
6495,,0.0,0.0,0.0,0,(),0.0,0.0
6500,,0.0,0.0,0.0,0,(),0.0,0.0
6505,,0.0,0.0,0.0,0,(),0.0,0.0
6510,,0.0,0.0,0.0,0,(),0.0,0.0
6515,,0.0,0.0,0.0,0,(),0.0,0.0
6520,,0.0,0.0,0.0,0,(),0.0,0.0
6525,,0.0,0.0,0.0,0,(),0.0,0.0
6530,,0.0,0.0,0.0,0,(),0.0,0.0
6535,,0.0,0.0,0.0,0,(),0.0,0.0
6540,,0.0,0.0,0.0,0,(),0.0,0.0
6545,,0.0,0.0,0.0,0,(),0.0,0.0
6550,,0.0,0.0,0.0,0,(),0.0,0.0
6555,,0.0,0.0,0.0,0,(),0.0,0.0
6560,,0.0,0.0,0.0,0,(),0.0,0.0
6565,,0.0,0.0,0.0,0,(),0.0,0.0
6570,,0.0,0.0,0.0,0,(),0.0,0.0
6575,,0.0,0.0,0.0,0,(),0.0,0.0
6580,,0.0,0.0,0.0,0,(),0.0,0.0
6585,,0.0,0.0,0.0,0,(),0.0,0.0
6590,,0.0,0.0,0.0,0,(),0.0,0.0
6595,,0.0,0.0,0.0,0,(),0.0,0.0
6600,,0.0,0.0,0.0,0,(),0.0,0.0
6605,,0.0,0.0,0.0,0,(),0.0,0.0
6610,,0.0,0.0,0.0,0,(),0.0,0.0
6615,,0.0,0.0,0.0,0,(),0.0,0.0
6620,,0.0,0.0,0.0,0,(),0.0,0.0
6625,,0.0,0.0,0.0,0,(),0.0,0.0
6630,,0.0,0.0,0.0,0,(),0.0,0.0
6635,,0.0,0.0,0.0,0,(),0.0,0.0
6640,,0.0,0.0,0.0,0,(),0.0,0.0
6645,,0.0,0.0,0.0,0,(),0.0,0.0
6650,,0.0,0.0,0.0,0,(),0.0,0.0
6655,,0.0,0.0,0.0,0,(),0.0,0.0
6660,,0.0,0.0,0.0,0,(),0.0,0.0
6665,,0.0,0.0,0.0,0,(),0.0,0.0
6670,,0.0,0.0,0.0,0,(),0.0,0.0
6675,,0.0,0.0,0.0,0,(),0.0,0.0
6680,,0.0,0.0,0.0,0,(),0.0,0.0
6685,,0.0,0.0,0.0,0,(),0.0,0.0
6690,,0.0,0.0,0.0,0,(),0.0,0.0
6695,,0.0,0.0,0.0,0,(),0.0,0.0
6700,,0.0,0.0,0.0,0,(),0.0,0.0
6705,,0.0,0.0,0.0,0,(),0.0,0.0
6710,,0.0,0.0,0.0,0,(),0.0,0.0
6715,,0.0,0.0,0.0,0,(),0.0,0.0
6720,,0.0,0.0,0.0,0,(),0.0,0.0
6725,,0.0,0.0,0.0,0,(),0.0,0.0
6730,,0.0,0.0,0.0,0,(),0.0,0.0
6735,,0.0,0.0,0.0,0,(),0.0,0.0
6740,,0.0,0.0,0.0,0,(),0.0,0.0
6745,,0.0,0.0,0.0,0,(),0.0,0.0
6750,,0.0,0.0,0.0,0,(),0.0,0.0
6755,,0.0,0.0,0.0,0,(),0.0,0.0
6760,,0.0,0.0,0.0,0,(),0.0,0.0
6765,,0.0,0.0,0.0,0,(),0.0,0.0
6770,,0.0,0.0,0.0,0,(),0.0,0.0
6775,,0.0,0.0,0.0,0,(),0.0,0.0
6780,,0.0,0.0,0.0,0,(),0.0,0.0
6785,,0.0,0.0,0.0,0,(),0.0,0.0
6790,,0.0,0.0,0.0,0,(),0.0,0.0
6795,,0.0,0.0,0.0,0,(),0.0,0.0
6800,,0.0,0.0,0.0,0,(),0.0,0.0
6805,,0.0,0.0,0.0,0,(),0.0,0.0
6810,,0.0,0.0,0.0,0,(),0.0,0.0
6815,,0.0,0.0,0.0,0,(),0.0,0.0
6820,,0.0,0.0,0.0,0,(),0.0,0.0
6825,,0.0,0.0,0.0,0,(),0.0,0.0
6830,,0.0,0.0,0.0,0,(),0.0,0.0
6835,,0.0,0.0,0.0,0,(),0.0,0.0
6840,,0.0,0.0,0.0,0,(),0.0,0.0
6845,,0.0,0.0,0.0,0,(),0.0,0.0
6850,,0.0,0.0,0.0,0,(),0.0,0.0
6855,,0.0,0.0,0.0,0,(),0.0,0.0
6860,,0.0,0.0,0.0,0,(),0.0,0.0
6865,,0.0,0.0,0.0,0,(),0.0,0.0
6870,,0.0,0.0,0.0,0,(),0.0,0.0
6875,,0.0,0.0,0.0,0,(),0.0,0.0
6880,,0.0,0.0,0.0,0,(),0.0,0.0
6885,,0.0,0.0,0.0,0,(),0.0,0.0
6890,,0.0,0.0,0.0,0,(),0.0,0.0
6895,,0.0,0.0,0.0,0,(),0.0,0.0
6900,,0.0,0.0,0.0,0,(),0.0,0.0
6905,,0.0,0.0,0.0,0,(),0.0,0.0
6910,,0.0,0.0,0.0,0,(),0.0,0.0
6915,,0.0,0.0,0.0,0,(),0.0,0.0
6920,,0.0,0.0,0.0,0,(),0.0,0.0
6925,,0.0,0.0,0.0,0,(),0.0,0.0
6930,,0.0,0.0,0.0,0,(),0.0,0.0
6935,,0.0,0.0,0.0,0,(),0.0,0.0
6940,,0.0,0.0,0.0,0,(),0.0,0.0
6945,,0.0,0.0,0.0,0,(),0.0,0.0
6950,,0.0,0.0,0.0,0,(),0.0,0.0
6955,,0.0,0.0,0.0,0,(),0.0,0.0
6960,,0.0,0.0,0.0,0,(),0.0,0.0
6965,,0.0,0.0,0.0,0,(),0.0,0.0
6970,,0.0,0.0,0.0,0,(),0.0,0.0
6975,,0.0,0.0,0.0,0,(),0.0,0.0
6980,,0.0,0.0,0.0,0,(),0.0,0.0
6985,,0.0,0.0,0.0,0,(),0.0,0.0
6990,,0.0,0.0,0.0,0,(),0.0,0.0
6995,,0.0,0.0,0.0,0,(),0.0,0.0
7000,,0.0,0.0,0.0,0,(),0.0,0.0
7005,,0.0,0.0,0.0,0,(),0.0,0.0
7010,,0.0,0.0,0.0,0,(),0.0,0.0
7015,,0.0,0.0,0.0,0,(),0.0,0.0
7020,,0.0,0.0,0.0,0,(),0.0,0.0
7025,,0.0,0.0,0.0,0,(),0.0,0.0
7030,,0.0,0.0,0.0,0,(),0.0,0.0
7035,,0.0,0.0,0.0,0,(),0.0,0.0
7040,,0.0,0.0,0.0,0,(),0.0,0.0
7045,,0.0,0.0,0.0,0,(),0.0,0.0
7050,,0.0,0.0,0.0,0,(),0.0,0.0
7055,,0.0,0.0,0.0,0,(),0.0,0.0
7060,,0.0,0.0,0.0,0,(),0.0,0.0
7065,,0.0,0.0,0.0,0,(),0.0,0.0
7070,,0.0,0.0,0.0,0,(),0.0,0.0
7075,,0.0,0.0,0.0,0,(),0.0,0.0
7080,,0.0,0.0,0.0,0,(),0.0,0.0
7085,,0.0,0.0,0.0,0,(),0.0,0.0
7090,,0.0,0.0,0.0,0,(),0.0,0.0
7095,,0.0,0.0,0.0,0,(),0.0,0.0
7100,,0.0,0.0,0.0,0,(),0.0,0.0
7105,,0.0,0.0,0.0,0,(),0.0,0.0
7110,,0.0,0.0,0.0,0,(),0.0,0.0
7115,,0.0,0.0,0.0,0,(),0.0,0.0
7120,,0.0,0.0,0.0,0,(),0.0,0.0
7125,,0.0,0.0,0.0,0,(),0.0,0.0
7130,,0.0,0.0,0.0,0,(),0.0,0.0
7135,,0.0,0.0,0.0,0,(),0.0,0.0
7140,,0.0,0.0,0.0,0,(),0.0,0.0
7145,,0.0,0.0,0.0,0,(),0.0,0.0
7150,,0.0,0.0,0.0,0,(),0.0,0.0
7155,,0.0,0.0,0.0,0,(),0.0,0.0
7160,,0.0,0.0,0.0,0,(),0.0,0.0
7165,,0.0,0.0,0.0,0,(),0.0,0.0
7170,,0.0,0.0,0.0,0,(),0.0,0.0
7175,,0.0,0.0,0.0,0,(),0.0,0.0
7180,,0.0,0.0,0.0,0,(),0.0,0.0
7185,,0.0,0.0,0.0,0,(),0.0,0.0
7190,,0.0,0.0,0.0,0,(),0.0,0.0
7195,,0.0,0.0,0.0,0,(),0.0,0.0
7200,,0.0,0.0,0.0,0,(),0.0,0.0
7205,,0.0,0.0,0.0,0,(),0.0,0.0
7210,,0.0,0.0,0.0,0,(),0.0,0.0
7215,,0.0,0.0,0.0,0,(),0.0,0.0
7220,,0.0,0.0,0.0,0,(),0.0,0.0
7225,,0.0,0.0,0.0,0,(),0.0,0.0
7230,,0.0,0.0,0.0,0,(),0.0,0.0
7235,,0.0,0.0,0.0,0,(),0.0,0.0
7240,,0.0,0.0,0.0,0,(),0.0,0.0
7245,,0.0,0.0,0.0,0,(),0.0,0.0
7250,,0.0,0.0,0.0,0,(),0.0,0.0
7255,,0.0,0.0,0.0,0,(),0.0,0.0
7260,,0.0,0.0,0.0,0,(),0.0,0.0
7265,,0.0,0.0,0.0,0,(),0.0,0.0
7270,,0.0,0.0,0.0,0,(),0.0,0.0
7275,,0.0,0.0,0.0,0,(),0.0,0.0
7280,,0.0,0.0,0.0,0,(),0.0,0.0
7285,,0.0,0.0,0.0,0,(),0.0,0.0
7290,,0.0,0.0,0.0,0,(),0.0,0.0
7295,,0.0,0.0,0.0,0,(),0.0,0.0
7300,,0.0,0.0,0.0,0,(),0.0,0.0
7305,,0.0,0.0,0.0,0,(),0.0,0.0
7310,,0.0,0.0,0.0,0,(),0.0,0.0
7315,,0.0,0.0,0.0,0,(),0.0,0.0
7320,,0.0,0.0,0.0,0,(),0.0,0.0
7325,,0.0,0.0,0.0,0,(),0.0,0.0
7330,,0.0,0.0,0.0,0,(),0.0,0.0
7335,,0.0,0.0,0.0,0,(),0.0,0.0
7340,,0.0,0.0,0.0,0,(),0.0,0.0
7345,,0.0,0.0,0.0,0,(),0.0,0.0
7350,,0.0,0.0,0.0,0,(),0.0,0.0
7355,,0.0,0.0,0.0,0,(),0.0,0.0
7360,,0.0,0.0,0.0,0,(),0.0,0.0
7365,,0.0,0.0,0.0,0,(),0.0,0.0
7370,,0.0,0.0,0.0,0,(),0.0,0.0
7375,,0.0,0.0,0.0,0,(),0.0,0.0
7380,,0.0,0.0,0.0,0,(),0.0,0.0
7385,,0.0,0.0,0.0,0,(),0.0,0.0
7390,,0.0,0.0,0.0,0,(),0.0,0.0
7395,,0.0,0.0,0.0,0,(),0.0,0.0
7400,,0.0,0.0,0.0,0,(),0.0,0.0
7405,,0.0,0.0,0.0,0,(),0.0,0.0
7410,,0.0,0.0,0.0,0,(),0.0,0.0
7415,,0.0,0.0,0.0,0,(),0.0,0.0
7420,,0.0,0.0,0.0,0,(),0.0,0.0
7425,,0.0,0.0,0.0,0,(),0.0,0.0
7430,,0.0,0.0,0.0,0,(),0.0,0.0
7435,,0.0,0.0,0.0,0,(),0.0,0.0
7440,,0.0,0.0,0.0,0,(),0.0,0.0
7445,,0.0,0.0,0.0,0,(),0.0,0.0
7450,,0.0,0.0,0.0,0,(),0.0,0.0
7455,,0.0,0.0,0.0,0,(),0.0,0.0
7460,,0.0,0.0,0.0,0,(),0.0,0.0
7465,,0.0,0.0,0.0,0,(),0.0,0.0
7470,,0.0,0.0,0.0,0,(),0.0,0.0
7475,,0.0,0.0,0.0,0,(),0.0,0.0
7480,,0.0,0.0,0.0,0,(),0.0,0.0
7485,,0.0,0.0,0.0,0,(),0.0,0.0
7490,,0.0,0.0,0.0,0,(),0.0,0.0
7495,,0.0,0.0,0.0,0,(),0.0,0.0
7500,,0.0,0.0,0.0,0,(),0.0,0.0
7505,,0.0,0.0,0.0,0,(),0.0,0.0
7510,,0.0,0.0,0.0,0,(),0.0,0.0
7515,,0.0,0.0,0.0,0,(),0.0,0.0
7520,,0.0,0.0,0.0,0,(),0.0,0.0
7525,,0.0,0.0,0.0,0,(),0.0,0.0
7530,,0.0,0.0,0.0,0,(),0.0,0.0
7535,,0.0,0.0,0.0,0,(),0.0,0.0
7540,,0.0,0.0,0.0,0,(),0.0,0.0
7545,,0.0,0.0,0.0,0,(),0.0,0.0
7550,,0.0,0.0,0.0,0,(),0.0,0.0
7555,,0.0,0.0,0.0,0,(),0.0,0.0
7560,,0.0,0.0,0.0,0,(),0.0,0.0
7565,,0.0,0.0,0.0,0,(),0.0,0.0
7570,,0.0,0.0,0.0,0,(),0.0,0.0
7575,,0.0,0.0,0.0,0,(),0.0,0.0
7580,,0.0,0.0,0.0,0,(),0.0,0.0
7585,,0.0,0.0,0.0,0,(),0.0,0.0
7590,,0.0,0.0,0.0,0,(),0.0,0.0
7595,,0.0,0.0,0.0,0,(),0.0,0.0
7600,,0.0,0.0,0.0,0,(),0.0,0.0
7605,,0.0,0.0,0.0,0,(),0.0,0.0
7610,,0.0,0.0,0.0,0,(),0.0,0.0
7615,,0.0,0.0,0.0,0,(),0.0,0.0
7620,,0.0,0.0,0.0,0,(),0.0,0.0
7625,,0.0,0.0,0.0,0,(),0.0,0.0
7630,,0.0,0.0,0.0,0,(),0.0,0.0
7635,,0.0,0.0,0.0,0,(),0.0,0.0
7640,,0.0,0.0,0.0,0,(),0.0,0.0
7645,,0.0,0.0,0.0,0,(),0.0,0.0
7650,,0.0,0.0,0.0,0,(),0.0,0.0
7655,,0.0,0.0,0.0,0,(),0.0,0.0
7660,,0.0,0.0,0.0,0,(),0.0,0.0
7665,,0.0,0.0,0.0,0,(),0.0,0.0
7670,,0.0,0.0,0.0,0,(),0.0,0.0
7675,,0.0,0.0,0.0,0,(),0.0,0.0
7680,,0.0,0.0,0.0,0,(),0.0,0.0
7685,,0.0,0.0,0.0,0,(),0.0,0.0
7690,,0.0,0.0,0.0,0,(),0.0,0.0
7695,,0.0,0.0,0.0,0,(),0.0,0.0
7700,,0.0,0.0,0.0,0,(),0.0,0.0
7705,,0.0,0.0,0.0,0,(),0.0,0.0
7710,,0.0,0.0,0.0,0,(),0.0,0.0
7715,,0.0,0.0,0.0,0,(),0.0,0.0
7720,,0.0,0.0,0.0,0,(),0.0,0.0
7725,,0.0,0.0,0.0,0,(),0.0,0.0
7730,,0.0,0.0,0.0,0,(),0.0,0.0
7735,,0.0,0.0,0.0,0,(),0.0,0.0
7740,,0.0,0.0,0.0,0,(),0.0,0.0
7745,,0.0,0.0,0.0,0,(),0.0,0.0
7750,,0.0,0.0,0.0,0,(),0.0,0.0
7755,,0.0,0.0,0.0,0,(),0.0,0.0
7760,,0.0,0.0,0.0,0,(),0.0,0.0
7765,,0.0,0.0,0.0,0,(),0.0,0.0
7770,,0.0,0.0,0.0,0,(),0.0,0.0
7775,,0.0,0.0,0.0,0,(),0.0,0.0
7780,,0.0,0.0,0.0,0,(),0.0,0.0
7785,,0.0,0.0,0.0,0,(),0.0,0.0
7790,,0.0,0.0,0.0,0,(),0.0,0.0
7795,,0.0,0.0,0.0,0,(),0.0,0.0
7800,,0.0,0.0,0.0,0,(),0.0,0.0
7805,,0.0,0.0,0.0,0,(),0.0,0.0
7810,,0.0,0.0,0.0,0,(),0.0,0.0
7815,,0.0,0.0,0.0,0,(),0.0,0.0
7820,,0.0,0.0,0.0,0,(),0.0,0.0
7825,,0.0,0.0,0.0,0,(),0.0,0.0
7830,,0.0,0.0,0.0,0,(),0.0,0.0
7835,,0.0,0.0,0.0,0,(),0.0,0.0
7840,,0.0,0.0,0.0,0,(),0.0,0.0
7845,,0.0,0.0,0.0,0,(),0.0,0.0
7850,,0.0,0.0,0.0,0,(),0.0,0.0
7855,,0.0,0.0,0.0,0,(),0.0,0.0
7860,,0.0,0.0,0.0,0,(),0.0,0.0
7865,,0.0,0.0,0.0,0,(),0.0,0.0
7870,,0.0,0.0,0.0,0,(),0.0,0.0
7875,,0.0,0.0,0.0,0,(),0.0,0.0
7880,,0.0,0.0,0.0,0,(),0.0,0.0
7885,,0.0,0.0,0.0,0,(),0.0,0.0
7890,,0.0,0.0,0.0,0,(),0.0,0.0
7895,,0.0,0.0,0.0,0,(),0.0,0.0
7900,,0.0,0.0,0.0,0,(),0.0,0.0
7905,,0.0,0.0,0.0,0,(),0.0,0.0
7910,,0.0,0.0,0.0,0,(),0.0,0.0
7915,,0.0,0.0,0.0,0,(),0.0,0.0
7920,,0.0,0.0,0.0,0,(),0.0,0.0
7925,,0.0,0.0,0.0,0,(),0.0,0.0
7930,,0.0,0.0,0.0,0,(),0.0,0.0
7935,,0.0,0.0,0.0,0,(),0.0,0.0
7940,,0.0,0.0,0.0,0,(),0.0,0.0
7945,,0.0,0.0,0.0,0,(),0.0,0.0
7950,,0.0,0.0,0.0,0,(),0.0,0.0
7955,,0.0,0.0,0.0,0,(),0.0,0.0
7960,,0.0,0.0,0.0,0,(),0.0,0.0
7965,,0.0,0.0,0.0,0,(),0.0,0.0
7970,,0.0,0.0,0.0,0,(),0.0,0.0
7975,,0.0,0.0,0.0,0,(),0.0,0.0
7980,,0.0,0.0,0.0,0,(),0.0,0.0
7985,,0.0,0.0,0.0,0,(),0.0,0.0
7990,,0.0,0.0,0.0,0,(),0.0,0.0
7995,,0.0,0.0,0.0,0,(),0.0,0.0
8000,,0.0,0.0,0.0,0,(),0.0,0.0
8005,,0.0,0.0,0.0,0,(),0.0,0.0
8010,,0.0,0.0,0.0,0,(),0.0,0.0
8015,,0.0,0.0,0.0,0,(),0.0,0.0
8020,,0.0,0.0,0.0,0,(),0.0,0.0
8025,,0.0,0.0,0.0,0,(),0.0,0.0
8030,,0.0,0.0,0.0,0,(),0.0,0.0
8035,,0.0,0.0,0.0,0,(),0.0,0.0
8040,,0.0,0.0,0.0,0,(),0.0,0.0
8045,,0.0,0.0,0.0,0,(),0.0,0.0
8050,,0.0,0.0,0.0,0,(),0.0,0.0
8055,,0.0,0.0,0.0,0,(),0.0,0.0
8060,,0.0,0.0,0.0,0,(),0.0,0.0
8065,,0.0,0.0,0.0,0,(),0.0,0.0
8070,,0.0,0.0,0.0,0,(),0.0,0.0
8075,,0.0,0.0,0.0,0,(),0.0,0.0
8080,,0.0,0.0,0.0,0,(),0.0,0.0
8085,,0.0,0.0,0.0,0,(),0.0,0.0
8090,,0.0,0.0,0.0,0,(),0.0,0.0
8095,,0.0,0.0,0.0,0,(),0.0,0.0
8100,,0.0,0.0,0.0,0,(),0.0,0.0
8105,,0.0,0.0,0.0,0,(),0.0,0.0
8110,,0.0,0.0,0.0,0,(),0.0,0.0
8115,,0.0,0.0,0.0,0,(),0.0,0.0
8120,,0.0,0.0,0.0,0,(),0.0,0.0
8125,,0.0,0.0,0.0,0,(),0.0,0.0
8130,,0.0,0.0,0.0,0,(),0.0,0.0
8135,,0.0,0.0,0.0,0,(),0.0,0.0
8140,,0.0,0.0,0.0,0,(),0.0,0.0
8145,,0.0,0.0,0.0,0,(),0.0,0.0
8150,,0.0,0.0,0.0,0,(),0.0,0.0
8155,,0.0,0.0,0.0,0,(),0.0,0.0
8160,,0.0,0.0,0.0,0,(),0.0,0.0
8165,,0.0,0.0,0.0,0,(),0.0,0.0
8170,,0.0,0.0,0.0,0,(),0.0,0.0
8175,,0.0,0.0,0.0,0,(),0.0,0.0
8180,,0.0,0.0,0.0,0,(),0.0,0.0
8185,,0.0,0.0,0.0,0,(),0.0,0.0
8190,,0.0,0.0,0.0,0,(),0.0,0.0
8195,,0.0,0.0,0.0,0,(),0.0,0.0
8200,,0.0,0.0,0.0,0,(),0.0,0.0
8205,,0.0,0.0,0.0,0,(),0.0,0.0
8210,,0.0,0.0,0.0,0,(),0.0,0.0
8215,,0.0,0.0,0.0,0,(),0.0,0.0
8220,,0.0,0.0,0.0,0,(),0.0,0.0
8225,,0.0,0.0,0.0,0,(),0.0,0.0
8230,,0.0,0.0,0.0,0,(),0.0,0.0
8235,,0.0,0.0,0.0,0,(),0.0,0.0
8240,,0.0,0.0,0.0,0,(),0.0,0.0
8245,,0.0,0.0,0.0,0,(),0.0,0.0
8250,,0.0,0.0,0.0,0,(),0.0,0.0
8255,,0.0,0.0,0.0,0,(),0.0,0.0
8260,,0.0,0.0,0.0,0,(),0.0,0.0
8265,,0.0,0.0,0.0,0,(),0.0,0.0
8270,,0.0,0.0,0.0,0,(),0.0,0.0
8275,,0.0,0.0,0.0,0,(),0.0,0.0
8280,,0.0,0.0,0.0,0,(),0.0,0.0
8285,,0.0,0.0,0.0,0,(),0.0,0.0
8290,,0.0,0.0,0.0,0,(),0.0,0.0
8295,,0.0,0.0,0.0,0,(),0.0,0.0
8300,,0.0,0.0,0.0,0,(),0.0,0.0
8305,,0.0,0.0,0.0,0,(),0.0,0.0
8310,,0.0,0.0,0.0,0,(),0.0,0.0
8315,,0.0,0.0,0.0,0,(),0.0,0.0
8320,,0.0,0.0,0.0,0,(),0.0,0.0
8325,,0.0,0.0,0.0,0,(),0.0,0.0
8330,,0.0,0.0,0.0,0,(),0.0,0.0
8335,,0.0,0.0,0.0,0,(),0.0,0.0
8340,,0.0,0.0,0.0,0,(),0.0,0.0
8345,,0.0,0.0,0.0,0,(),0.0,0.0
8350,,0.0,0.0,0.0,0,(),0.0,0.0
8355,,0.0,0.0,0.0,0,(),0.0,0.0
8360,,0.0,0.0,0.0,0,(),0.0,0.0
8365,,0.0,0.0,0.0,0,(),0.0,0.0
8370,,0.0,0.0,0.0,0,(),0.0,0.0
8375,,0.0,0.0,0.0,0,(),0.0,0.0
8380,,0.0,0.0,0.0,0,(),0.0,0.0
8385,,0.0,0.0,0.0,0,(),0.0,0.0
8390,,0.0,0.0,0.0,0,(),0.0,0.0
8395,,0.0,0.0,0.0,0,(),0.0,0.0
8400,,0.0,0.0,0.0,0,(),0.0,0.0
8405,,0.0,0.0,0.0,0,(),0.0,0.0
8410,,0.0,0.0,0.0,0,(),0.0,0.0
8415,,0.0,0.0,0.0,0,(),0.0,0.0
8420,,0.0,0.0,0.0,0,(),0.0,0.0
8425,,0.0,0.0,0.0,0,(),0.0,0.0
8430,,0.0,0.0,0.0,0,(),0.0,0.0
8435,,0.0,0.0,0.0,0,(),0.0,0.0
8440,,0.0,0.0,0.0,0,(),0.0,0.0
8445,,0.0,0.0,0.0,0,(),0.0,0.0
8450,,0.0,0.0,0.0,0,(),0.0,0.0
8455,,0.0,0.0,0.0,0,(),0.0,0.0
8460,,0.0,0.0,0.0,0,(),0.0,0.0
8465,,0.0,0.0,0.0,0,(),0.0,0.0
8470,,0.0,0.0,0.0,0,(),0.0,0.0
8475,,0.0,0.0,0.0,0,(),0.0,0.0
8480,,0.0,0.0,0.0,0,(),0.0,0.0
8485,,0.0,0.0,0.0,0,(),0.0,0.0
8490,,0.0,0.0,0.0,0,(),0.0,0.0
8495,,0.0,0.0,0.0,0,(),0.0,0.0
8500,,0.0,0.0,0.0,0,(),0.0,0.0
8505,,0.0,0.0,0.0,0,(),0.0,0.0
8510,,0.0,0.0,0.0,0,(),0.0,0.0
8515,,0.0,0.0,0.0,0,(),0.0,0.0
8520,,0.0,0.0,0.0,0,(),0.0,0.0
8525,,0.0,0.0,0.0,0,(),0.0,0.0
8530,,0.0,0.0,0.0,0,(),0.0,0.0
8535,,0.0,0.0,0.0,0,(),0.0,0.0
8540,,0.0,0.0,0.0,0,(),0.0,0.0
8545,,0.0,0.0,0.0,0,(),0.0,0.0
8550,,0.0,0.0,0.0,0,(),0.0,0.0
8555,,0.0,0.0,0.0,0,(),0.0,0.0
8560,,0.0,0.0,0.0,0,(),0.0,0.0
8565,,0.0,0.0,0.0,0,(),0.0,0.0
8570,,0.0,0.0,0.0,0,(),0.0,0.0
8575,,0.0,0.0,0.0,0,(),0.0,0.0
8580,,0.0,0.0,0.0,0,(),0.0,0.0
8585,,0.0,0.0,0.0,0,(),0.0,0.0
8590,,0.0,0.0,0.0,0,(),0.0,0.0
8595,,0.0,0.0,0.0,0,(),0.0,0.0
8600,,0.0,0.0,0.0,0,(),0.0,0.0
8605,,0.0,0.0,0.0,0,(),0.0,0.0
8610,,0.0,0.0,0.0,0,(),0.0,0.0
8615,,0.0,0.0,0.0,0,(),0.0,0.0
8620,,0.0,0.0,0.0,0,(),0.0,0.0
8625,,0.0,0.0,0.0,0,(),0.0,0.0
8630,,0.0,0.0,0.0,0,(),0.0,0.0
8635,,0.0,0.0,0.0,0,(),0.0,0.0
8640,,0.0,0.0,0.0,0,(),0.0,0.0
8645,,0.0,0.0,0.0,0,(),0.0,0.0
8650,,0.0,0.0,0.0,0,(),0.0,0.0
8655,,0.0,0.0,0.0,0,(),0.0,0.0
8660,,0.0,0.0,0.0,0,(),0.0,0.0
8665,,0.0,0.0,0.0,0,(),0.0,0.0
8670,,0.0,0.0,0.0,0,(),0.0,0.0
8675,,0.0,0.0,0.0,0,(),0.0,0.0
8680,,0.0,0.0,0.0,0,(),0.0,0.0
8685,,0.0,0.0,0.0,0,(),0.0,0.0
8690,,0.0,0.0,0.0,0,(),0.0,0.0
8695,,0.0,0.0,0.0,0,(),0.0,0.0
8700,,0.0,0.0,0.0,0,(),0.0,0.0
8705,,0.0,0.0,0.0,0,(),0.0,0.0
8710,,0.0,0.0,0.0,0,(),0.0,0.0
8715,,0.0,0.0,0.0,0,(),0.0,0.0
8720,,0.0,0.0,0.0,0,(),0.0,0.0
8725,,0.0,0.0,0.0,0,(),0.0,0.0
8730,,0.0,0.0,0.0,0,(),0.0,0.0
8735,,0.0,0.0,0.0,0,(),0.0,0.0
8740,,0.0,0.0,0.0,0,(),0.0,0.0
8745,,0.0,0.0,0.0,0,(),0.0,0.0
8750,,0.0,0.0,0.0,0,(),0.0,0.0
8755,,0.0,0.0,0.0,0,(),0.0,0.0
8760,,0.0,0.0,0.0,0,(),0.0,0.0
8765,,0.0,0.0,0.0,0,(),0.0,0.0
8770,,0.0,0.0,0.0,0,(),0.0,0.0
8775,,0.0,0.0,0.0,0,(),0.0,0.0
8780,,0.0,0.0,0.0,0,(),0.0,0.0
8785,,0.0,0.0,0.0,0,(),0.0,0.0
8790,,0.0,0.0,0.0,0,(),0.0,0.0
8795,,0.0,0.0,0.0,0,(),0.0,0.0
8800,,0.0,0.0,0.0,0,(),0.0,0.0
8805,,0.0,0.0,0.0,0,(),0.0,0.0
8810,,0.0,0.0,0.0,0,(),0.0,0.0
8815,,0.0,0.0,0.0,0,(),0.0,0.0
8820,,0.0,0.0,0.0,0,(),0.0,0.0
8825,,0.0,0.0,0.0,0,(),0.0,0.0
8830,,0.0,0.0,0.0,0,(),0.0,0.0
8835,,0.0,0.0,0.0,0,(),0.0,0.0
8840,,0.0,0.0,0.0,0,(),0.0,0.0
8845,,0.0,0.0,0.0,0,(),0.0,0.0
8850,,0.0,0.0,0.0,0,(),0.0,0.0
8855,,0.0,0.0,0.0,0,(),0.0,0.0
8860,,0.0,0.0,0.0,0,(),0.0,0.0
8865,,0.0,0.0,0.0,0,(),0.0,0.0
8870,,0.0,0.0,0.0,0,(),0.0,0.0
8875,,0.0,0.0,0.0,0,(),0.0,0.0
8880,,0.0,0.0,0.0,0,(),0.0,0.0
8885,,0.0,0.0,0.0,0,(),0.0,0.0
8890,,0.0,0.0,0.0,0,(),0.0,0.0
8895,,0.0,0.0,0.0,0,(),0.0,0.0
8900,,0.0,0.0,0.0,0,(),0.0,0.0
8905,,0.0,0.0,0.0,0,(),0.0,0.0
8910,,0.0,0.0,0.0,0,(),0.0,0.0
8915,,0.0,0.0,0.0,0,(),0.0,0.0
8920,,0.0,0.0,0.0,0,(),0.0,0.0
8925,,0.0,0.0,0.0,0,(),0.0,0.0
8930,,0.0,0.0,0.0,0,(),0.0,0.0
8935,,0.0,0.0,0.0,0,(),0.0,0.0
8940,,0.0,0.0,0.0,0,(),0.0,0.0
8945,,0.0,0.0,0.0,0,(),0.0,0.0
8950,,0.0,0.0,0.0,0,(),0.0,0.0
8955,,0.0,0.0,0.0,0,(),0.0,0.0
8960,,0.0,0.0,0.0,0,(),0.0,0.0
8965,,0.0,0.0,0.0,0,(),0.0,0.0
8970,,0.0,0.0,0.0,0,(),0.0,0.0
8975,,0.0,0.0,0.0,0,(),0.0,0.0
8980,,0.0,0.0,0.0,0,(),0.0,0.0
8985,,0.0,0.0,0.0,0,(),0.0,0.0
8990,,0.0,0.0,0.0,0,(),0.0,0.0
8995,,0.0,0.0,0.0,0,(),0.0,0.0
9000,,0.0,0.0,0.0,0,(),0.0,0.0
9005,,0.0,0.0,0.0,0,(),0.0,0.0
9010,,0.0,0.0,0.0,0,(),0.0,0.0
9015,,0.0,0.0,0.0,0,(),0.0,0.0
9020,,0.0,0.0,0.0,0,(),0.0,0.0
9025,,0.0,0.0,0.0,0,(),0.0,0.0
9030,,0.0,0.0,0.0,0,(),0.0,0.0
9035,,0.0,0.0,0.0,0,(),0.0,0.0
9040,,0.0,0.0,0.0,0,(),0.0,0.0
9045,,0.0,0.0,0.0,0,(),0.0,0.0
9050,,0.0,0.0,0.0,0,(),0.0,0.0
9055,,0.0,0.0,0.0,0,(),0.0,0.0
9060,,0.0,0.0,0.0,0,(),0.0,0.0
9065,,0.0,0.0,0.0,0,(),0.0,0.0
9070,,0.0,0.0,0.0,0,(),0.0,0.0
9075,,0.0,0.0,0.0,0,(),0.0,0.0
9080,,0.0,0.0,0.0,0,(),0.0,0.0
9085,,0.0,0.0,0.0,0,(),0.0,0.0
9090,,0.0,0.0,0.0,0,(),0.0,0.0
9095,,0.0,0.0,0.0,0,(),0.0,0.0
9100,,0.0,0.0,0.0,0,(),0.0,0.0
9105,,0.0,0.0,0.0,0,(),0.0,0.0
9110,,0.0,0.0,0.0,0,(),0.0,0.0
9115,,0.0,0.0,0.0,0,(),0.0,0.0
9120,,0.0,0.0,0.0,0,(),0.0,0.0
9125,,0.0,0.0,0.0,0,(),0.0,0.0
9130,,0.0,0.0,0.0,0,(),0.0,0.0
9135,,0.0,0.0,0.0,0,(),0.0,0.0
9140,,0.0,0.0,0.0,0,(),0.0,0.0
9145,,0.0,0.0,0.0,0,(),0.0,0.0
9150,,0.0,0.0,0.0,0,(),0.0,0.0
9155,,0.0,0.0,0.0,0,(),0.0,0.0
9160,,0.0,0.0,0.0,0,(),0.0,0.0
9165,,0.0,0.0,0.0,0,(),0.0,0.0
9170,,0.0,0.0,0.0,0,(),0.0,0.0
9175,,0.0,0.0,0.0,0,(),0.0,0.0
9180,,0.0,0.0,0.0,0,(),0.0,0.0
9185,,0.0,0.0,0.0,0,(),0.0,0.0
9190,,0.0,0.0,0.0,0,(),0.0,0.0
9195,,0.0,0.0,0.0,0,(),0.0,0.0
9200,,0.0,0.0,0.0,0,(),0.0,0.0
9205,,0.0,0.0,0.0,0,(),0.0,0.0
9210,,0.0,0.0,0.0,0,(),0.0,0.0
9215,,0.0,0.0,0.0,0,(),0.0,0.0
9220,,0.0,0.0,0.0,0,(),0.0,0.0
9225,,0.0,0.0,0.0,0,(),0.0,0.0
9230,,0.0,0.0,0.0,0,(),0.0,0.0
9235,,0.0,0.0,0.0,0,(),0.0,0.0
9240,,0.0,0.0,0.0,0,(),0.0,0.0
9245,,0.0,0.0,0.0,0,(),0.0,0.0
9250,,0.0,0.0,0.0,0,(),0.0,0.0
9255,,0.0,0.0,0.0,0,(),0.0,0.0
9260,,0.0,0.0,0.0,0,(),0.0,0.0
9265,,0.0,0.0,0.0,0,(),0.0,0.0
9270,,0.0,0.0,0.0,0,(),0.0,0.0
9275,,0.0,0.0,0.0,0,(),0.0,0.0
9280,,0.0,0.0,0.0,0,(),0.0,0.0
9285,,0.0,0.0,0.0,0,(),0.0,0.0
9290,,0.0,0.0,0.0,0,(),0.0,0.0
9295,,0.0,0.0,0.0,0,(),0.0,0.0
9300,,0.0,0.0,0.0,0,(),0.0,0.0
9305,,0.0,0.0,0.0,0,(),0.0,0.0
9310,,0.0,0.0,0.0,0,(),0.0,0.0
9315,,0.0,0.0,0.0,0,(),0.0,0.0
9320,,0.0,0.0,0.0,0,(),0.0,0.0
9325,,0.0,0.0,0.0,0,(),0.0,0.0
9330,,0.0,0.0,0.0,0,(),0.0,0.0
9335,,0.0,0.0,0.0,0,(),0.0,0.0
9340,,0.0,0.0,0.0,0,(),0.0,0.0
9345,,0.0,0.0,0.0,0,(),0.0,0.0
9350,,0.0,0.0,0.0,0,(),0.0,0.0
9355,,0.0,0.0,0.0,0,(),0.0,0.0
9360,,0.0,0.0,0.0,0,(),0.0,0.0
9365,,0.0,0.0,0.0,0,(),0.0,0.0
9370,,0.0,0.0,0.0,0,(),0.0,0.0
9375,,0.0,0.0,0.0,0,(),0.0,0.0
9380,,0.0,0.0,0.0,0,(),0.0,0.0
9385,,0.0,0.0,0.0,0,(),0.0,0.0
9390,,0.0,0.0,0.0,0,(),0.0,0.0
9395,,0.0,0.0,0.0,0,(),0.0,0.0
9400,,0.0,0.0,0.0,0,(),0.0,0.0
9405,,0.0,0.0,0.0,0,(),0.0,0.0
9410,,0.0,0.0,0.0,0,(),0.0,0.0
9415,,0.0,0.0,0.0,0,(),0.0,0.0
9420,,0.0,0.0,0.0,0,(),0.0,0.0
9425,,0.0,0.0,0.0,0,(),0.0,0.0
9430,,0.0,0.0,0.0,0,(),0.0,0.0
9435,,0.0,0.0,0.0,0,(),0.0,0.0
9440,,0.0,0.0,0.0,0,(),0.0,0.0
9445,,0.0,0.0,0.0,0,(),0.0,0.0
9450,,0.0,0.0,0.0,0,(),0.0,0.0
9455,,0.0,0.0,0.0,0,(),0.0,0.0
9460,,0.0,0.0,0.0,0,(),0.0,0.0
9465,,0.0,0.0,0.0,0,(),0.0,0.0
9470,,0.0,0.0,0.0,0,(),0.0,0.0
9475,,0.0,0.0,0.0,0,(),0.0,0.0
9480,,0.0,0.0,0.0,0,(),0.0,0.0
9485,,0.0,0.0,0.0,0,(),0.0,0.0
9490,,0.0,0.0,0.0,0,(),0.0,0.0
9495,,0.0,0.0,0.0,0,(),0.0,0.0
9500,,0.0,0.0,0.0,0,(),0.0,0.0
9505,,0.0,0.0,0.0,0,(),0.0,0.0
9510,,0.0,0.0,0.0,0,(),0.0,0.0
9515,,0.0,0.0,0.0,0,(),0.0,0.0
9520,,0.0,0.0,0.0,0,(),0.0,0.0
9525,,0.0,0.0,0.0,0,(),0.0,0.0
9530,,0.0,0.0,0.0,0,(),0.0,0.0
9535,,0.0,0.0,0.0,0,(),0.0,0.0
9540,,0.0,0.0,0.0,0,(),0.0,0.0
9545,,0.0,0.0,0.0,0,(),0.0,0.0
9550,,0.0,0.0,0.0,0,(),0.0,0.0
9555,,0.0,0.0,0.0,0,(),0.0,0.0
9560,,0.0,0.0,0.0,0,(),0.0,0.0
9565,,0.0,0.0,0.0,0,(),0.0,0.0
9570,,0.0,0.0,0.0,0,(),0.0,0.0
9575,,0.0,0.0,0.0,0,(),0.0,0.0
9580,,0.0,0.0,0.0,0,(),0.0,0.0
9585,,0.0,0.0,0.0,0,(),0.0,0.0
9590,,0.0,0.0,0.0,0,(),0.0,0.0
9595,,0.0,0.0,0.0,0,(),0.0,0.0
9600,,0.0,0.0,0.0,0,(),0.0,0.0
9605,,0.0,0.0,0.0,0,(),0.0,0.0
9610,,0.0,0.0,0.0,0,(),0.0,0.0
9615,,0.0,0.0,0.0,0,(),0.0,0.0
9620,,0.0,0.0,0.0,0,(),0.0,0.0
9625,,0.0,0.0,0.0,0,(),0.0,0.0
9630,,0.0,0.0,0.0,0,(),0.0,0.0
9635,,0.0,0.0,0.0,0,(),0.0,0.0
9640,,0.0,0.0,0.0,0,(),0.0,0.0
9645,,0.0,0.0,0.0,0,(),0.0,0.0
9650,,0.0,0.0,0.0,0,(),0.0,0.0
9655,,0.0,0.0,0.0,0,(),0.0,0.0
9660,,0.0,0.0,0.0,0,(),0.0,0.0
9665,,0.0,0.0,0.0,0,(),0.0,0.0
9670,,0.0,0.0,0.0,0,(),0.0,0.0
9675,,0.0,0.0,0.0,0,(),0.0,0.0
9680,,0.0,0.0,0.0,0,(),0.0,0.0
9685,,0.0,0.0,0.0,0,(),0.0,0.0
9690,,0.0,0.0,0.0,0,(),0.0,0.0
9695,,0.0,0.0,0.0,0,(),0.0,0.0
9700,,0.0,0.0,0.0,0,(),0.0,0.0
9705,,0.0,0.0,0.0,0,(),0.0,0.0
9710,,0.0,0.0,0.0,0,(),0.0,0.0
9715,,0.0,0.0,0.0,0,(),0.0,0.0
9720,,0.0,0.0,0.0,0,(),0.0,0.0
9725,,0.0,0.0,0.0,0,(),0.0,0.0
9730,,0.0,0.0,0.0,0,(),0.0,0.0
9735,,0.0,0.0,0.0,0,(),0.0,0.0
9740,,0.0,0.0,0.0,0,(),0.0,0.0
9745,,0.0,0.0,0.0,0,(),0.0,0.0
9750,,0.0,0.0,0.0,0,(),0.0,0.0
9755,,0.0,0.0,0.0,0,(),0.0,0.0
9760,,0.0,0.0,0.0,0,(),0.0,0.0
9765,,0.0,0.0,0.0,0,(),0.0,0.0
9770,,0.0,0.0,0.0,0,(),0.0,0.0
9775,,0.0,0.0,0.0,0,(),0.0,0.0
9780,,0.0,0.0,0.0,0,(),0.0,0.0
9785,,0.0,0.0,0.0,0,(),0.0,0.0
9790,,0.0,0.0,0.0,0,(),0.0,0.0
9795,,0.0,0.0,0.0,0,(),0.0,0.0
9800,,0.0,0.0,0.0,0,(),0.0,0.0
9805,,0.0,0.0,0.0,0,(),0.0,0.0
9810,,0.0,0.0,0.0,0,(),0.0,0.0
9815,,0.0,0.0,0.0,0,(),0.0,0.0
9820,,0.0,0.0,0.0,0,(),0.0,0.0
9825,,0.0,0.0,0.0,0,(),0.0,0.0
9830,,0.0,0.0,0.0,0,(),0.0,0.0
9835,,0.0,0.0,0.0,0,(),0.0,0.0
9840,,0.0,0.0,0.0,0,(),0.0,0.0
9845,,0.0,0.0,0.0,0,(),0.0,0.0
9850,,0.0,0.0,0.0,0,(),0.0,0.0
9855,,0.0,0.0,0.0,0,(),0.0,0.0
9860,,0.0,0.0,0.0,0,(),0.0,0.0
9865,,0.0,0.0,0.0,0,(),0.0,0.0
9870,,0.0,0.0,0.0,0,(),0.0,0.0
9875,,0.0,0.0,0.0,0,(),0.0,0.0
9880,,0.0,0.0,0.0,0,(),0.0,0.0
9885,,0.0,0.0,0.0,0,(),0.0,0.0
9890,,0.0,0.0,0.0,0,(),0.0,0.0
9895,,0.0,0.0,0.0,0,(),0.0,0.0
9900,,0.0,0.0,0.0,0,(),0.0,0.0
9905,,0.0,0.0,0.0,0,(),0.0,0.0
9910,,0.0,0.0,0.0,0,(),0.0,0.0
9915,,0.0,0.0,0.0,0,(),0.0,0.0
9920,,0.0,0.0,0.0,0,(),0.0,0.0
9925,,0.0,0.0,0.0,0,(),0.0,0.0
9930,,0.0,0.0,0.0,0,(),0.0,0.0
9935,,0.0,0.0,0.0,0,(),0.0,0.0
9940,,0.0,0.0,0.0,0,(),0.0,0.0
9945,,0.0,0.0,0.0,0,(),0.0,0.0
9950,,0.0,0.0,0.0,0,(),0.0,0.0
9955,,0.0,0.0,0.0,0,(),0.0,0.0
9960,,0.0,0.0,0.0,0,(),0.0,0.0
9965,,0.0,0.0,0.0,0,(),0.0,0.0
9970,,0.0,0.0,0.0,0,(),0.0,0.0
9975,,0.0,0.0,0.0,0,(),0.0,0.0
9980,,0.0,0.0,0.0,0,(),0.0,0.0
9985,,0.0,0.0,0.0,0,(),0.0,0.0
9990,,0.0,0.0,0.0,0,(),0.0,0.0
9995,,0.0,0.0,0.0,0,(),0.0,0.0
10000,,0.0,0.0,0.0,0,(),0.0,0.0
10005,,0.0,0.0,0.0,0,(),0.0,0.0
10010,,0.0,0.0,0.0,0,(),0.0,0.0
10015,,0.0,0.0,0.0,0,(),0.0,0.0
10020,,0.0,0.0,0.0,0,(),0.0,0.0
10025,,0.0,0.0,0.0,0,(),0.0,0.0
10030,,0.0,0.0,0.0,0,(),0.0,0.0
10035,,0.0,0.0,0.0,0,(),0.0,0.0
10040,,0.0,0.0,0.0,0,(),0.0,0.0
10045,,0.0,0.0,0.0,0,(),0.0,0.0
10050,,0.0,0.0,0.0,0,(),0.0,0.0
10055,,0.0,0.0,0.0,0,(),0.0,0.0
10060,,0.0,0.0,0.0,0,(),0.0,0.0
10065,,0.0,0.0,0.0,0,(),0.0,0.0
10070,,0.0,0.0,0.0,0,(),0.0,0.0
10075,,0.0,0.0,0.0,0,(),0.0,0.0
10080,,0.0,0.0,0.0,0,(),0.0,0.0
10085,,0.0,0.0,0.0,0,(),0.0,0.0
10090,,0.0,0.0,0.0,0,(),0.0,0.0
10095,,0.0,0.0,0.0,0,(),0.0,0.0
10100,,0.0,0.0,0.0,0,(),0.0,0.0
10105,,0.0,0.0,0.0,0,(),0.0,0.0
10110,,0.0,0.0,0.0,0,(),0.0,0.0
10115,,0.0,0.0,0.0,0,(),0.0,0.0
10120,,0.0,0.0,0.0,0,(),0.0,0.0
10125,,0.0,0.0,0.0,0,(),0.0,0.0
10130,,0.0,0.0,0.0,0,(),0.0,0.0
10135,,0.0,0.0,0.0,0,(),0.0,0.0
10140,,0.0,0.0,0.0,0,(),0.0,0.0
10145,,0.0,0.0,0.0,0,(),0.0,0.0
10150,,0.0,0.0,0.0,0,(),0.0,0.0
10155,,0.0,0.0,0.0,0,(),0.0,0.0
10160,,0.0,0.0,0.0,0,(),0.0,0.0
10165,,0.0,0.0,0.0,0,(),0.0,0.0
10170,,0.0,0.0,0.0,0,(),0.0,0.0
10175,,0.0,0.0,0.0,0,(),0.0,0.0
10180,,0.0,0.0,0.0,0,(),0.0,0.0
10185,,0.0,0.0,0.0,0,(),0.0,0.0
10190,,0.0,0.0,0.0,0,(),0.0,0.0
10195,,0.0,0.0,0.0,0,(),0.0,0.0
10200,,0.0,0.0,0.0,0,(),0.0,0.0
10205,,0.0,0.0,0.0,0,(),0.0,0.0
10210,,0.0,0.0,0.0,0,(),0.0,0.0
10215,,0.0,0.0,0.0,0,(),0.0,0.0
10220,,0.0,0.0,0.0,0,(),0.0,0.0
10225,,0.0,0.0,0.0,0,(),0.0,0.0
10230,,0.0,0.0,0.0,0,(),0.0,0.0
10235,,0.0,0.0,0.0,0,(),0.0,0.0
10240,,0.0,0.0,0.0,0,(),0.0,0.0
10245,,0.0,0.0,0.0,0,(),0.0,0.0
10250,,0.0,0.0,0.0,0,(),0.0,0.0
10255,,0.0,0.0,0.0,0,(),0.0,0.0
10260,,0.0,0.0,0.0,0,(),0.0,0.0
10265,,0.0,0.0,0.0,0,(),0.0,0.0
10270,,0.0,0.0,0.0,0,(),0.0,0.0
10275,,0.0,0.0,0.0,0,(),0.0,0.0
10280,,0.0,0.0,0.0,0,(),0.0,0.0
10285,,0.0,0.0,0.0,0,(),0.0,0.0
10290,,0.0,0.0,0.0,0,(),0.0,0.0
10295,,0.0,0.0,0.0,0,(),0.0,0.0
10300,,0.0,0.0,0.0,0,(),0.0,0.0
10305,,0.0,0.0,0.0,0,(),0.0,0.0
10310,,0.0,0.0,0.0,0,(),0.0,0.0
10315,,0.0,0.0,0.0,0,(),0.0,0.0
10320,,0.0,0.0,0.0,0,(),0.0,0.0
10325,,0.0,0.0,0.0,0,(),0.0,0.0
10330,,0.0,0.0,0.0,0,(),0.0,0.0
10335,,0.0,0.0,0.0,0,(),0.0,0.0
10340,,0.0,0.0,0.0,0,(),0.0,0.0
10345,,0.0,0.0,0.0,0,(),0.0,0.0
10350,,0.0,0.0,0.0,0,(),0.0,0.0
10355,,0.0,0.0,0.0,0,(),0.0,0.0
10360,,0.0,0.0,0.0,0,(),0.0,0.0
10365,,0.0,0.0,0.0,0,(),0.0,0.0
10370,,0.0,0.0,0.0,0,(),0.0,0.0
10375,,0.0,0.0,0.0,0,(),0.0,0.0
10380,,0.0,0.0,0.0,0,(),0.0,0.0
10385,,0.0,0.0,0.0,0,(),0.0,0.0
10390,,0.0,0.0,0.0,0,(),0.0,0.0
10395,,0.0,0.0,0.0,0,(),0.0,0.0
10400,,0.0,0.0,0.0,0,(),0.0,0.0
10405,,0.0,0.0,0.0,0,(),0.0,0.0
10410,,0.0,0.0,0.0,0,(),0.0,0.0
10415,,0.0,0.0,0.0,0,(),0.0,0.0
10420,,0.0,0.0,0.0,0,(),0.0,0.0
10425,,0.0,0.0,0.0,0,(),0.0,0.0
10430,,0.0,0.0,0.0,0,(),0.0,0.0
10435,,0.0,0.0,0.0,0,(),0.0,0.0
10440,,0.0,0.0,0.0,0,(),0.0,0.0
10445,,0.0,0.0,0.0,0,(),0.0,0.0
10450,,0.0,0.0,0.0,0,(),0.0,0.0
10455,,0.0,0.0,0.0,0,(),0.0,0.0
10460,,0.0,0.0,0.0,0,(),0.0,0.0
10465,,0.0,0.0,0.0,0,(),0.0,0.0
10470,,0.0,0.0,0.0,0,(),0.0,0.0
10475,,0.0,0.0,0.0,0,(),0.0,0.0
10480,,0.0,0.0,0.0,0,(),0.0,0.0
10485,,0.0,0.0,0.0,0,(),0.0,0.0
10490,,0.0,0.0,0.0,0,(),0.0,0.0
10495,,0.0,0.0,0.0,0,(),0.0,0.0
10500,,0.0,0.0,0.0,0,(),0.0,0.0
10505,,0.0,0.0,0.0,0,(),0.0,0.0
10510,,0.0,0.0,0.0,0,(),0.0,0.0
10515,,0.0,0.0,0.0,0,(),0.0,0.0
10520,,0.0,0.0,0.0,0,(),0.0,0.0
10525,,0.0,0.0,0.0,0,(),0.0,0.0
10530,,0.0,0.0,0.0,0,(),0.0,0.0
10535,,0.0,0.0,0.0,0,(),0.0,0.0
10540,,0.0,0.0,0.0,0,(),0.0,0.0
10545,,0.0,0.0,0.0,0,(),0.0,0.0
10550,,0.0,0.0,0.0,0,(),0.0,0.0
10555,,0.0,0.0,0.0,0,(),0.0,0.0
10560,,0.0,0.0,0.0,0,(),0.0,0.0
10565,,0.0,0.0,0.0,0,(),0.0,0.0
10570,,0.0,0.0,0.0,0,(),0.0,0.0
10575,,0.0,0.0,0.0,0,(),0.0,0.0
10580,,0.0,0.0,0.0,0,(),0.0,0.0
10585,,0.0,0.0,0.0,0,(),0.0,0.0
10590,,0.0,0.0,0.0,0,(),0.0,0.0
10595,,0.0,0.0,0.0,0,(),0.0,0.0
10600,,0.0,0.0,0.0,0,(),0.0,0.0
10605,,0.0,0.0,0.0,0,(),0.0,0.0
10610,,0.0,0.0,0.0,0,(),0.0,0.0
10615,,0.0,0.0,0.0,0,(),0.0,0.0
10620,,0.0,0.0,0.0,0,(),0.0,0.0
10625,,0.0,0.0,0.0,0,(),0.0,0.0
10630,,0.0,0.0,0.0,0,(),0.0,0.0
10635,,0.0,0.0,0.0,0,(),0.0,0.0
10640,,0.0,0.0,0.0,0,(),0.0,0.0
10645,,0.0,0.0,0.0,0,(),0.0,0.0
10650,,0.0,0.0,0.0,0,(),0.0,0.0
10655,,0.0,0.0,0.0,0,(),0.0,0.0
10660,,0.0,0.0,0.0,0,(),0.0,0.0
10665,,0.0,0.0,0.0,0,(),0.0,0.0
10670,,0.0,0.0,0.0,0,(),0.0,0.0
10675,,0.0,0.0,0.0,0,(),0.0,0.0
10680,,0.0,0.0,0.0,0,(),0.0,0.0
10685,,0.0,0.0,0.0,0,(),0.0,0.0
10690,,0.0,0.0,0.0,0,(),0.0,0.0
10695,,0.0,0.0,0.0,0,(),0.0,0.0
10700,,0.0,0.0,0.0,0,(),0.0,0.0
10705,,0.0,0.0,0.0,0,(),0.0,0.0
10710,,0.0,0.0,0.0,0,(),0.0,0.0
10715,,0.0,0.0,0.0,0,(),0.0,0.0
10720,,0.0,0.0,0.0,0,(),0.0,0.0
10725,,0.0,0.0,0.0,0,(),0.0,0.0
10730,,0.0,0.0,0.0,0,(),0.0,0.0
10735,,0.0,0.0,0.0,0,(),0.0,0.0
10740,,0.0,0.0,0.0,0,(),0.0,0.0
10745,,0.0,0.0,0.0,0,(),0.0,0.0
10750,,0.0,0.0,0.0,0,(),0.0,0.0
10755,,0.0,0.0,0.0,0,(),0.0,0.0
10760,,0.0,0.0,0.0,0,(),0.0,0.0
10765,,0.0,0.0,0.0,0,(),0.0,0.0
10770,,0.0,0.0,0.0,0,(),0.0,0.0
10775,,0.0,0.0,0.0,0,(),0.0,0.0
10780,,0.0,0.0,0.0,0,(),0.0,0.0
10785,,0.0,0.0,0.0,0,(),0.0,0.0
10790,,0.0,0.0,0.0,0,(),0.0,0.0
10795,,0.0,0.0,0.0,0,(),0.0,0.0
10800,,0.0,0.0,0.0,0,(),0.0,0.0
10805,,0.0,0.0,0.0,0,(),0.0,0.0
10810,,0.0,0.0,0.0,0,(),0.0,0.0
10815,,0.0,0.0,0.0,0,(),0.0,0.0
10820,,0.0,0.0,0.0,0,(),0.0,0.0
10825,,0.0,0.0,0.0,0,(),0.0,0.0
10830,,0.0,0.0,0.0,0,(),0.0,0.0
10835,,0.0,0.0,0.0,0,(),0.0,0.0
10840,,0.0,0.0,0.0,0,(),0.0,0.0
10845,,0.0,0.0,0.0,0,(),0.0,0.0
10850,,0.0,0.0,0.0,0,(),0.0,0.0
10855,,0.0,0.0,0.0,0,(),0.0,0.0
10860,,0.0,0.0,0.0,0,(),0.0,0.0
10865,,0.0,0.0,0.0,0,(),0.0,0.0
10870,,0.0,0.0,0.0,0,(),0.0,0.0
10875,,0.0,0.0,0.0,0,(),0.0,0.0
10880,,0.0,0.0,0.0,0,(),0.0,0.0
10885,,0.0,0.0,0.0,0,(),0.0,0.0
10890,,0.0,0.0,0.0,0,(),0.0,0.0
10895,,0.0,0.0,0.0,0,(),0.0,0.0
10900,,0.0,0.0,0.0,0,(),0.0,0.0
10905,,0.0,0.0,0.0,0,(),0.0,0.0
10910,,0.0,0.0,0.0,0,(),0.0,0.0
10915,,0.0,0.0,0.0,0,(),0.0,0.0
10920,,0.0,0.0,0.0,0,(),0.0,0.0
10925,,0.0,0.0,0.0,0,(),0.0,0.0
10930,,0.0,0.0,0.0,0,(),0.0,0.0
10935,,0.0,0.0,0.0,0,(),0.0,0.0
10940,,0.0,0.0,0.0,0,(),0.0,0.0
10945,,0.0,0.0,0.0,0,(),0.0,0.0
10950,,0.0,0.0,0.0,0,(),0.0,0.0
10955,,0.0,0.0,0.0,0,(),0.0,0.0
10960,,0.0,0.0,0.0,0,(),0.0,0.0
10965,,0.0,0.0,0.0,0,(),0.0,0.0
10970,,0.0,0.0,0.0,0,(),0.0,0.0
10975,,0.0,0.0,0.0,0,(),0.0,0.0
10980,,0.0,0.0,0.0,0,(),0.0,0.0
10985,,0.0,0.0,0.0,0,(),0.0,0.0
10990,,0.0,0.0,0.0,0,(),0.0,0.0
10995,,0.0,0.0,0.0,0,(),0.0,0.0
11000,,0.0,0.0,0.0,0,(),0.0,0.0
11005,,0.0,0.0,0.0,0,(),0.0,0.0
11010,,0.0,0.0,0.0,0,(),0.0,0.0
11015,,0.0,0.0,0.0,0,(),0.0,0.0
11020,,0.0,0.0,0.0,0,(),0.0,0.0
11025,,0.0,0.0,0.0,0,(),0.0,0.0
11030,,0.0,0.0,0.0,0,(),0.0,0.0
11035,,0.0,0.0,0.0,0,(),0.0,0.0
11040,,0.0,0.0,0.0,0,(),0.0,0.0
11045,,0.0,0.0,0.0,0,(),0.0,0.0
11050,,0.0,0.0,0.0,0,(),0.0,0.0
11055,,0.0,0.0,0.0,0,(),0.0,0.0
11060,,0.0,0.0,0.0,0,(),0.0,0.0
11065,,0.0,0.0,0.0,0,(),0.0,0.0
11070,,0.0,0.0,0.0,0,(),0.0,0.0
11075,,0.0,0.0,0.0,0,(),0.0,0.0
11080,,0.0,0.0,0.0,0,(),0.0,0.0
11085,,0.0,0.0,0.0,0,(),0.0,0.0
11090,,0.0,0.0,0.0,0,(),0.0,0.0
11095,,0.0,0.0,0.0,0,(),0.0,0.0
11100,,0.0,0.0,0.0,0,(),0.0,0.0
11105,,0.0,0.0,0.0,0,(),0.0,0.0
11110,,0.0,0.0,0.0,0,(),0.0,0.0
11115,,0.0,0.0,0.0,0,(),0.0,0.0
11120,,0.0,0.0,0.0,0,(),0.0,0.0
11125,,0.0,0.0,0.0,0,(),0.0,0.0
11130,,0.0,0.0,0.0,0,(),0.0,0.0
11135,,0.0,0.0,0.0,0,(),0.0,0.0
11140,,0.0,0.0,0.0,0,(),0.0,0.0
11145,,0.0,0.0,0.0,0,(),0.0,0.0
11150,,0.0,0.0,0.0,0,(),0.0,0.0
11155,,0.0,0.0,0.0,0,(),0.0,0.0
11160,,0.0,0.0,0.0,0,(),0.0,0.0
11165,,0.0,0.0,0.0,0,(),0.0,0.0
11170,,0.0,0.0,0.0,0,(),0.0,0.0
11175,,0.0,0.0,0.0,0,(),0.0,0.0
11180,,0.0,0.0,0.0,0,(),0.0,0.0
11185,,0.0,0.0,0.0,0,(),0.0,0.0
11190,,0.0,0.0,0.0,0,(),0.0,0.0
11195,,0.0,0.0,0.0,0,(),0.0,0.0
11200,,0.0,0.0,0.0,0,(),0.0,0.0
11205,,0.0,0.0,0.0,0,(),0.0,0.0
11210,,0.0,0.0,0.0,0,(),0.0,0.0
11215,,0.0,0.0,0.0,0,(),0.0,0.0
11220,,0.0,0.0,0.0,0,(),0.0,0.0
11225,,0.0,0.0,0.0,0,(),0.0,0.0
11230,,0.0,0.0,0.0,0,(),0.0,0.0
11235,,0.0,0.0,0.0,0,(),0.0,0.0
11240,,0.0,0.0,0.0,0,(),0.0,0.0
11245,,0.0,0.0,0.0,0,(),0.0,0.0
11250,,0.0,0.0,0.0,0,(),0.0,0.0
11255,,0.0,0.0,0.0,0,(),0.0,0.0
11260,,0.0,0.0,0.0,0,(),0.0,0.0
11265,,0.0,0.0,0.0,0,(),0.0,0.0
11270,,0.0,0.0,0.0,0,(),0.0,0.0
11275,,0.0,0.0,0.0,0,(),0.0,0.0
11280,,0.0,0.0,0.0,0,(),0.0,0.0
11285,,0.0,0.0,0.0,0,(),0.0,0.0
11290,,0.0,0.0,0.0,0,(),0.0,0.0
11295,,0.0,0.0,0.0,0,(),0.0,0.0
11300,,0.0,0.0,0.0,0,(),0.0,0.0
11305,,0.0,0.0,0.0,0,(),0.0,0.0
11310,,0.0,0.0,0.0,0,(),0.0,0.0
11315,,0.0,0.0,0.0,0,(),0.0,0.0
11320,,0.0,0.0,0.0,0,(),0.0,0.0
11325,,0.0,0.0,0.0,0,(),0.0,0.0
11330,,0.0,0.0,0.0,0,(),0.0,0.0
11335,,0.0,0.0,0.0,0,(),0.0,0.0
11340,,0.0,0.0,0.0,0,(),0.0,0.0
11345,,0.0,0.0,0.0,0,(),0.0,0.0
11350,,0.0,0.0,0.0,0,(),0.0,0.0
11355,,0.0,0.0,0.0,0,(),0.0,0.0
11360,,0.0,0.0,0.0,0,(),0.0,0.0
11365,,0.0,0.0,0.0,0,(),0.0,0.0
11370,,0.0,0.0,0.0,0,(),0.0,0.0
11375,,0.0,0.0,0.0,0,(),0.0,0.0
11380,,0.0,0.0,0.0,0,(),0.0,0.0
11385,,0.0,0.0,0.0,0,(),0.0,0.0
11390,,0.0,0.0,0.0,0,(),0.0,0.0
11395,,0.0,0.0,0.0,0,(),0.0,0.0
11400,,0.0,0.0,0.0,0,(),0.0,0.0
11405,,0.0,0.0,0.0,0,(),0.0,0.0
11410,,0.0,0.0,0.0,0,(),0.0,0.0
11415,,0.0,0.0,0.0,0,(),0.0,0.0
11420,,0.0,0.0,0.0,0,(),0.0,0.0
11425,,0.0,0.0,0.0,0,(),0.0,0.0
11430,,0.0,0.0,0.0,0,(),0.0,0.0
11435,,0.0,0.0,0.0,0,(),0.0,0.0
11440,,0.0,0.0,0.0,0,(),0.0,0.0
11445,,0.0,0.0,0.0,0,(),0.0,0.0
11450,,0.0,0.0,0.0,0,(),0.0,0.0
11455,,0.0,0.0,0.0,0,(),0.0,0.0
11460,,0.0,0.0,0.0,0,(),0.0,0.0
11465,,0.0,0.0,0.0,0,(),0.0,0.0
11470,,0.0,0.0,0.0,0,(),0.0,0.0
11475,,0.0,0.0,0.0,0,(),0.0,0.0
11480,,0.0,0.0,0.0,0,(),0.0,0.0
11485,,0.0,0.0,0.0,0,(),0.0,0.0
11490,,0.0,0.0,0.0,0,(),0.0,0.0
11495,,0.0,0.0,0.0,0,(),0.0,0.0
11500,,0.0,0.0,0.0,0,(),0.0,0.0
11505,,0.0,0.0,0.0,0,(),0.0,0.0
11510,,0.0,0.0,0.0,0,(),0.0,0.0
11515,,0.0,0.0,0.0,0,(),0.0,0.0
11520,,0.0,0.0,0.0,0,(),0.0,0.0
11525,,0.0,0.0,0.0,0,(),0.0,0.0
11530,,0.0,0.0,0.0,0,(),0.0,0.0
11535,,0.0,0.0,0.0,0,(),0.0,0.0
11540,,0.0,0.0,0.0,0,(),0.0,0.0
11545,,0.0,0.0,0.0,0,(),0.0,0.0
11550,,0.0,0.0,0.0,0,(),0.0,0.0
11555,,0.0,0.0,0.0,0,(),0.0,0.0
11560,,0.0,0.0,0.0,0,(),0.0,0.0
11565,,0.0,0.0,0.0,0,(),0.0,0.0
11570,,0.0,0.0,0.0,0,(),0.0,0.0
11575,,0.0,0.0,0.0,0,(),0.0,0.0
11580,,0.0,0.0,0.0,0,(),0.0,0.0
11585,,0.0,0.0,0.0,0,(),0.0,0.0
11590,,0.0,0.0,0.0,0,(),0.0,0.0
11595,,0.0,0.0,0.0,0,(),0.0,0.0
11600,,0.0,0.0,0.0,0,(),0.0,0.0
11605,,0.0,0.0,0.0,0,(),0.0,0.0
11610,,0.0,0.0,0.0,0,(),0.0,0.0
11615,,0.0,0.0,0.0,0,(),0.0,0.0
11620,,0.0,0.0,0.0,0,(),0.0,0.0
11625,,0.0,0.0,0.0,0,(),0.0,0.0
11630,,0.0,0.0,0.0,0,(),0.0,0.0
11635,,0.0,0.0,0.0,0,(),0.0,0.0
11640,,0.0,0.0,0.0,0,(),0.0,0.0
11645,,0.0,0.0,0.0,0,(),0.0,0.0
11650,,0.0,0.0,0.0,0,(),0.0,0.0
11655,,0.0,0.0,0.0,0,(),0.0,0.0
11660,,0.0,0.0,0.0,0,(),0.0,0.0
11665,,0.0,0.0,0.0,0,(),0.0,0.0
11670,,0.0,0.0,0.0,0,(),0.0,0.0
11675,,0.0,0.0,0.0,0,(),0.0,0.0
11680,,0.0,0.0,0.0,0,(),0.0,0.0
11685,,0.0,0.0,0.0,0,(),0.0,0.0
11690,,0.0,0.0,0.0,0,(),0.0,0.0
11695,,0.0,0.0,0.0,0,(),0.0,0.0
11700,,0.0,0.0,0.0,0,(),0.0,0.0
11705,,0.0,0.0,0.0,0,(),0.0,0.0
11710,,0.0,0.0,0.0,0,(),0.0,0.0
11715,,0.0,0.0,0.0,0,(),0.0,0.0
11720,,0.0,0.0,0.0,0,(),0.0,0.0
11725,,0.0,0.0,0.0,0,(),0.0,0.0
11730,,0.0,0.0,0.0,0,(),0.0,0.0
11735,,0.0,0.0,0.0,0,(),0.0,0.0
11740,,0.0,0.0,0.0,0,(),0.0,0.0
11745,,0.0,0.0,0.0,0,(),0.0,0.0
11750,,0.0,0.0,0.0,0,(),0.0,0.0
11755,,0.0,0.0,0.0,0,(),0.0,0.0
11760,,0.0,0.0,0.0,0,(),0.0,0.0
11765,,0.0,0.0,0.0,0,(),0.0,0.0
11770,,0.0,0.0,0.0,0,(),0.0,0.0
11775,,0.0,0.0,0.0,0,(),0.0,0.0
11780,,0.0,0.0,0.0,0,(),0.0,0.0
11785,,0.0,0.0,0.0,0,(),0.0,0.0
11790,,0.0,0.0,0.0,0,(),0.0,0.0
11795,,0.0,0.0,0.0,0,(),0.0,0.0
11800,,0.0,0.0,0.0,0,(),0.0,0.0
11805,,0.0,0.0,0.0,0,(),0.0,0.0
11810,,0.0,0.0,0.0,0,(),0.0,0.0
11815,,0.0,0.0,0.0,0,(),0.0,0.0
11820,,0.0,0.0,0.0,0,(),0.0,0.0
11825,,0.0,0.0,0.0,0,(),0.0,0.0
11830,,0.0,0.0,0.0,0,(),0.0,0.0
11835,,0.0,0.0,0.0,0,(),0.0,0.0
11840,,0.0,0.0,0.0,0,(),0.0,0.0
11845,,0.0,0.0,0.0,0,(),0.0,0.0
11850,,0.0,0.0,0.0,0,(),0.0,0.0
11855,,0.0,0.0,0.0,0,(),0.0,0.0
11860,,0.0,0.0,0.0,0,(),0.0,0.0
11865,,0.0,0.0,0.0,0,(),0.0,0.0
11870,,0.0,0.0,0.0,0,(),0.0,0.0
11875,,0.0,0.0,0.0,0,(),0.0,0.0
11880,,0.0,0.0,0.0,0,(),0.0,0.0
11885,,0.0,0.0,0.0,0,(),0.0,0.0
11890,,0.0,0.0,0.0,0,(),0.0,0.0
11895,,0.0,0.0,0.0,0,(),0.0,0.0
11900,,0.0,0.0,0.0,0,(),0.0,0.0
11905,,0.0,0.0,0.0,0,(),0.0,0.0
11910,,0.0,0.0,0.0,0,(),0.0,0.0
11915,,0.0,0.0,0.0,0,(),0.0,0.0
11920,,0.0,0.0,0.0,0,(),0.0,0.0
11925,,0.0,0.0,0.0,0,(),0.0,0.0
11930,,0.0,0.0,0.0,0,(),0.0,0.0
11935,,0.0,0.0,0.0,0,(),0.0,0.0
11940,,0.0,0.0,0.0,0,(),0.0,0.0
11945,,0.0,0.0,0.0,0,(),0.0,0.0
11950,,0.0,0.0,0.0,0,(),0.0,0.0
11955,,0.0,0.0,0.0,0,(),0.0,0.0
11960,,0.0,0.0,0.0,0,(),0.0,0.0
11965,,0.0,0.0,0.0,0,(),0.0,0.0
11970,,0.0,0.0,0.0,0,(),0.0,0.0
11975,,0.0,0.0,0.0,0,(),0.0,0.0
11980,,0.0,0.0,0.0,0,(),0.0,0.0
11985,,0.0,0.0,0.0,0,(),0.0,0.0
11990,,0.0,0.0,0.0,0,(),0.0,0.0
11995,,0.0,0.0,0.0,0,(),0.0,0.0
12000,,0.0,0.0,0.0,0,(),0.0,0.0
12005,,0.0,0.0,0.0,0,(),0.0,0.0
12010,,0.0,0.0,0.0,0,(),0.0,0.0
12015,,0.0,0.0,0.0,0,(),0.0,0.0
12020,,0.0,0.0,0.0,0,(),0.0,0.0
12025,,0.0,0.0,0.0,0,(),0.0,0.0
12030,,0.0,0.0,0.0,0,(),0.0,0.0
12035,,0.0,0.0,0.0,0,(),0.0,0.0
12040,,0.0,0.0,0.0,0,(),0.0,0.0
12045,,0.0,0.0,0.0,0,(),0.0,0.0
12050,,0.0,0.0,0.0,0,(),0.0,0.0
12055,,0.0,0.0,0.0,0,(),0.0,0.0
12060,,0.0,0.0,0.0,0,(),0.0,0.0
12065,,0.0,0.0,0.0,0,(),0.0,0.0
12070,,0.0,0.0,0.0,0,(),0.0,0.0
12075,,0.0,0.0,0.0,0,(),0.0,0.0
12080,,0.0,0.0,0.0,0,(),0.0,0.0
12085,,0.0,0.0,0.0,0,(),0.0,0.0
12090,,0.0,0.0,0.0,0,(),0.0,0.0
12095,,0.0,0.0,0.0,0,(),0.0,0.0
12100,,0.0,0.0,0.0,0,(),0.0,0.0
12105,,0.0,0.0,0.0,0,(),0.0,0.0
12110,,0.0,0.0,0.0,0,(),0.0,0.0
12115,,0.0,0.0,0.0,0,(),0.0,0.0
12120,,0.0,0.0,0.0,0,(),0.0,0.0
12125,,0.0,0.0,0.0,0,(),0.0,0.0
12130,,0.0,0.0,0.0,0,(),0.0,0.0
12135,,0.0,0.0,0.0,0,(),0.0,0.0
12140,,0.0,0.0,0.0,0,(),0.0,0.0
12145,,0.0,0.0,0.0,0,(),0.0,0.0
12150,,0.0,0.0,0.0,0,(),0.0,0.0
12155,,0.0,0.0,0.0,0,(),0.0,0.0
12160,,0.0,0.0,0.0,0,(),0.0,0.0
12165,,0.0,0.0,0.0,0,(),0.0,0.0
12170,,0.0,0.0,0.0,0,(),0.0,0.0
12175,,0.0,0.0,0.0,0,(),0.0,0.0
12180,,0.0,0.0,0.0,0,(),0.0,0.0
12185,,0.0,0.0,0.0,0,(),0.0,0.0
12190,,0.0,0.0,0.0,0,(),0.0,0.0
12195,,0.0,0.0,0.0,0,(),0.0,0.0
12200,,0.0,0.0,0.0,0,(),0.0,0.0
12205,,0.0,0.0,0.0,0,(),0.0,0.0
12210,,0.0,0.0,0.0,0,(),0.0,0.0
12215,,0.0,0.0,0.0,0,(),0.0,0.0
12220,,0.0,0.0,0.0,0,(),0.0,0.0
12225,,0.0,0.0,0.0,0,(),0.0,0.0
12230,,0.0,0.0,0.0,0,(),0.0,0.0
12235,,0.0,0.0,0.0,0,(),0.0,0.0
12240,,0.0,0.0,0.0,0,(),0.0,0.0
12245,,0.0,0.0,0.0,0,(),0.0,0.0
12250,,0.0,0.0,0.0,0,(),0.0,0.0
12255,,0.0,0.0,0.0,0,(),0.0,0.0
12260,,0.0,0.0,0.0,0,(),0.0,0.0
12265,,0.0,0.0,0.0,0,(),0.0,0.0
12270,,0.0,0.0,0.0,0,(),0.0,0.0
12275,,0.0,0.0,0.0,0,(),0.0,0.0
12280,,0.0,0.0,0.0,0,(),0.0,0.0
12285,,0.0,0.0,0.0,0,(),0.0,0.0
12290,,0.0,0.0,0.0,0,(),0.0,0.0
12295,,0.0,0.0,0.0,0,(),0.0,0.0
12300,,0.0,0.0,0.0,0,(),0.0,0.0
12305,,0.0,0.0,0.0,0,(),0.0,0.0
12310,,0.0,0.0,0.0,0,(),0.0,0.0
12315,,0.0,0.0,0.0,0,(),0.0,0.0
12320,,0.0,0.0,0.0,0,(),0.0,0.0
12325,,0.0,0.0,0.0,0,(),0.0,0.0
12330,,0.0,0.0,0.0,0,(),0.0,0.0
12335,,0.0,0.0,0.0,0,(),0.0,0.0
12340,,0.0,0.0,0.0,0,(),0.0,0.0
12345,,0.0,0.0,0.0,0,(),0.0,0.0
12350,,0.0,0.0,0.0,0,(),0.0,0.0
12355,,0.0,0.0,0.0,0,(),0.0,0.0
12360,,0.0,0.0,0.0,0,(),0.0,0.0
12365,,0.0,0.0,0.0,0,(),0.0,0.0
12370,,0.0,0.0,0.0,0,(),0.0,0.0
12375,,0.0,0.0,0.0,0,(),0.0,0.0
12380,,0.0,0.0,0.0,0,(),0.0,0.0
12385,,0.0,0.0,0.0,0,(),0.0,0.0
12390,,0.0,0.0,0.0,0,(),0.0,0.0
12395,,0.0,0.0,0.0,0,(),0.0,0.0
12400,,0.0,0.0,0.0,0,(),0.0,0.0
12405,,0.0,0.0,0.0,0,(),0.0,0.0
12410,,0.0,0.0,0.0,0,(),0.0,0.0
12415,,0.0,0.0,0.0,0,(),0.0,0.0
12420,,0.0,0.0,0.0,0,(),0.0,0.0
12425,,0.0,0.0,0.0,0,(),0.0,0.0
12430,,0.0,0.0,0.0,0,(),0.0,0.0
12435,,0.0,0.0,0.0,0,(),0.0,0.0
12440,,0.0,0.0,0.0,0,(),0.0,0.0
12445,,0.0,0.0,0.0,0,(),0.0,0.0
12450,,0.0,0.0,0.0,0,(),0.0,0.0
12455,,0.0,0.0,0.0,0,(),0.0,0.0
12460,,0.0,0.0,0.0,0,(),0.0,0.0
12465,,0.0,0.0,0.0,0,(),0.0,0.0
12470,,0.0,0.0,0.0,0,(),0.0,0.0
12475,,0.0,0.0,0.0,0,(),0.0,0.0
12480,,0.0,0.0,0.0,0,(),0.0,0.0
12485,,0.0,0.0,0.0,0,(),0.0,0.0
12490,,0.0,0.0,0.0,0,(),0.0,0.0
12495,,0.0,0.0,0.0,0,(),0.0,0.0
12500,,0.0,0.0,0.0,0,(),0.0,0.0
12505,,0.0,0.0,0.0,0,(),0.0,0.0
12510,,0.0,0.0,0.0,0,(),0.0,0.0
12515,,0.0,0.0,0.0,0,(),0.0,0.0
12520,,0.0,0.0,0.0,0,(),0.0,0.0
12525,,0.0,0.0,0.0,0,(),0.0,0.0
12530,,0.0,0.0,0.0,0,(),0.0,0.0
12535,,0.0,0.0,0.0,0,(),0.0,0.0
12540,,0.0,0.0,0.0,0,(),0.0,0.0
12545,,0.0,0.0,0.0,0,(),0.0,0.0
12550,,0.0,0.0,0.0,0,(),0.0,0.0
12555,,0.0,0.0,0.0,0,(),0.0,0.0
12560,,0.0,0.0,0.0,0,(),0.0,0.0
12565,,0.0,0.0,0.0,0,(),0.0,0.0
12570,,0.0,0.0,0.0,0,(),0.0,0.0
12575,,0.0,0.0,0.0,0,(),0.0,0.0
12580,,0.0,0.0,0.0,0,(),0.0,0.0
12585,,0.0,0.0,0.0,0,(),0.0,0.0
12590,,0.0,0.0,0.0,0,(),0.0,0.0
12595,,0.0,0.0,0.0,0,(),0.0,0.0
12600,,0.0,0.0,0.0,0,(),0.0,0.0
12605,,0.0,0.0,0.0,0,(),0.0,0.0
12610,,0.0,0.0,0.0,0,(),0.0,0.0
12615,,0.0,0.0,0.0,0,(),0.0,0.0
12620,,0.0,0.0,0.0,0,(),0.0,0.0
12625,,0.0,0.0,0.0,0,(),0.0,0.0
12630,,0.0,0.0,0.0,0,(),0.0,0.0
12635,,0.0,0.0,0.0,0,(),0.0,0.0
12640,,0.0,0.0,0.0,0,(),0.0,0.0
12645,,0.0,0.0,0.0,0,(),0.0,0.0
12650,,0.0,0.0,0.0,0,(),0.0,0.0
12655,,0.0,0.0,0.0,0,(),0.0,0.0
12660,,0.0,0.0,0.0,0,(),0.0,0.0
12665,,0.0,0.0,0.0,0,(),0.0,0.0
12670,,0.0,0.0,0.0,0,(),0.0,0.0
12675,,0.0,0.0,0.0,0,(),0.0,0.0
12680,,0.0,0.0,0.0,0,(),0.0,0.0
12685,,0.0,0.0,0.0,0,(),0.0,0.0
12690,,0.0,0.0,0.0,0,(),0.0,0.0
12695,,0.0,0.0,0.0,0,(),0.0,0.0
12700,,0.0,0.0,0.0,0,(),0.0,0.0
12705,,0.0,0.0,0.0,0,(),0.0,0.0
12710,,0.0,0.0,0.0,0,(),0.0,0.0
12715,,0.0,0.0,0.0,0,(),0.0,0.0
12720,,0.0,0.0,0.0,0,(),0.0,0.0
12725,,0.0,0.0,0.0,0,(),0.0,0.0
12730,,0.0,0.0,0.0,0,(),0.0,0.0
12735,,0.0,0.0,0.0,0,(),0.0,0.0
12740,,0.0,0.0,0.0,0,(),0.0,0.0
12745,,0.0,0.0,0.0,0,(),0.0,0.0
12750,,0.0,0.0,0.0,0,(),0.0,0.0
12755,,0.0,0.0,0.0,0,(),0.0,0.0
12760,,0.0,0.0,0.0,0,(),0.0,0.0
12765,,0.0,0.0,0.0,0,(),0.0,0.0
12770,,0.0,0.0,0.0,0,(),0.0,0.0
12775,,0.0,0.0,0.0,0,(),0.0,0.0
12780,,0.0,0.0,0.0,0,(),0.0,0.0
12785,,0.0,0.0,0.0,0,(),0.0,0.0
12790,,0.0,0.0,0.0,0,(),0.0,0.0
12795,,0.0,0.0,0.0,0,(),0.0,0.0
12800,,0.0,0.0,0.0,0,(),0.0,0.0
12805,,0.0,0.0,0.0,0,(),0.0,0.0
12810,,0.0,0.0,0.0,0,(),0.0,0.0
12815,,0.0,0.0,0.0,0,(),0.0,0.0
12820,,0.0,0.0,0.0,0,(),0.0,0.0
12825,,0.0,0.0,0.0,0,(),0.0,0.0
12830,,0.0,0.0,0.0,0,(),0.0,0.0
12835,,0.0,0.0,0.0,0,(),0.0,0.0
12840,,0.0,0.0,0.0,0,(),0.0,0.0
12845,,0.0,0.0,0.0,0,(),0.0,0.0
12850,,0.0,0.0,0.0,0,(),0.0,0.0
12855,,0.0,0.0,0.0,0,(),0.0,0.0
12860,,0.0,0.0,0.0,0,(),0.0,0.0
12865,,0.0,0.0,0.0,0,(),0.0,0.0
12870,,0.0,0.0,0.0,0,(),0.0,0.0
12875,,0.0,0.0,0.0,0,(),0.0,0.0
12880,,0.0,0.0,0.0,0,(),0.0,0.0
12885,,0.0,0.0,0.0,0,(),0.0,0.0
12890,,0.0,0.0,0.0,0,(),0.0,0.0
12895,,0.0,0.0,0.0,0,(),0.0,0.0
12900,,0.0,0.0,0.0,0,(),0.0,0.0
12905,,0.0,0.0,0.0,0,(),0.0,0.0
12910,,0.0,0.0,0.0,0,(),0.0,0.0
12915,,0.0,0.0,0.0,0,(),0.0,0.0
12920,,0.0,0.0,0.0,0,(),0.0,0.0
12925,,0.0,0.0,0.0,0,(),0.0,0.0
12930,,0.0,0.0,0.0,0,(),0.0,0.0
12935,,0.0,0.0,0.0,0,(),0.0,0.0
12940,,0.0,0.0,0.0,0,(),0.0,0.0
12945,,0.0,0.0,0.0,0,(),0.0,0.0
12950,,0.0,0.0,0.0,0,(),0.0,0.0
12955,,0.0,0.0,0.0,0,(),0.0,0.0
12960,,0.0,0.0,0.0,0,(),0.0,0.0
12965,,0.0,0.0,0.0,0,(),0.0,0.0
12970,,0.0,0.0,0.0,0,(),0.0,0.0
12975,,0.0,0.0,0.0,0,(),0.0,0.0
12980,,0.0,0.0,0.0,0,(),0.0,0.0
12985,,0.0,0.0,0.0,0,(),0.0,0.0
12990,,0.0,0.0,0.0,0,(),0.0,0.0
12995,,0.0,0.0,0.0,0,(),0.0,0.0
13000,,0.0,0.0,0.0,0,(),0.0,0.0
13005,,0.0,0.0,0.0,0,(),0.0,0.0
13010,,0.0,0.0,0.0,0,(),0.0,0.0
13015,,0.0,0.0,0.0,0,(),0.0,0.0
13020,,0.0,0.0,0.0,0,(),0.0,0.0
13025,,0.0,0.0,0.0,0,(),0.0,0.0
13030,,0.0,0.0,0.0,0,(),0.0,0.0
13035,,0.0,0.0,0.0,0,(),0.0,0.0
13040,,0.0,0.0,0.0,0,(),0.0,0.0
13045,,0.0,0.0,0.0,0,(),0.0,0.0
13050,,0.0,0.0,0.0,0,(),0.0,0.0
13055,,0.0,0.0,0.0,0,(),0.0,0.0
13060,,0.0,0.0,0.0,0,(),0.0,0.0
13065,,0.0,0.0,0.0,0,(),0.0,0.0
13070,,0.0,0.0,0.0,0,(),0.0,0.0
13075,,0.0,0.0,0.0,0,(),0.0,0.0
13080,,0.0,0.0,0.0,0,(),0.0,0.0
13085,,0.0,0.0,0.0,0,(),0.0,0.0
13090,,0.0,0.0,0.0,0,(),0.0,0.0
13095,,0.0,0.0,0.0,0,(),0.0,0.0
13100,,0.0,0.0,0.0,0,(),0.0,0.0
13105,,0.0,0.0,0.0,0,(),0.0,0.0
13110,,0.0,0.0,0.0,0,(),0.0,0.0
13115,,0.0,0.0,0.0,0,(),0.0,0.0
13120,,0.0,0.0,0.0,0,(),0.0,0.0
13125,,0.0,0.0,0.0,0,(),0.0,0.0
13130,,0.0,0.0,0.0,0,(),0.0,0.0
13135,,0.0,0.0,0.0,0,(),0.0,0.0
13140,,0.0,0.0,0.0,0,(),0.0,0.0
13145,,0.0,0.0,0.0,0,(),0.0,0.0
13150,,0.0,0.0,0.0,0,(),0.0,0.0
13155,,0.0,0.0,0.0,0,(),0.0,0.0
13160,,0.0,0.0,0.0,0,(),0.0,0.0
13165,,0.0,0.0,0.0,0,(),0.0,0.0
13170,,0.0,0.0,0.0,0,(),0.0,0.0
13175,,0.0,0.0,0.0,0,(),0.0,0.0
13180,,0.0,0.0,0.0,0,(),0.0,0.0
13185,,0.0,0.0,0.0,0,(),0.0,0.0
13190,,0.0,0.0,0.0,0,(),0.0,0.0
13195,,0.0,0.0,0.0,0,(),0.0,0.0
13200,,0.0,0.0,0.0,0,(),0.0,0.0
13205,,0.0,0.0,0.0,0,(),0.0,0.0
13210,,0.0,0.0,0.0,0,(),0.0,0.0
13215,,0.0,0.0,0.0,0,(),0.0,0.0
13220,,0.0,0.0,0.0,0,(),0.0,0.0
13225,,0.0,0.0,0.0,0,(),0.0,0.0
13230,,0.0,0.0,0.0,0,(),0.0,0.0
13235,,0.0,0.0,0.0,0,(),0.0,0.0
13240,,0.0,0.0,0.0,0,(),0.0,0.0
13245,,0.0,0.0,0.0,0,(),0.0,0.0
13250,,0.0,0.0,0.0,0,(),0.0,0.0
13255,,0.0,0.0,0.0,0,(),0.0,0.0
13260,,0.0,0.0,0.0,0,(),0.0,0.0
13265,,0.0,0.0,0.0,0,(),0.0,0.0
13270,,0.0,0.0,0.0,0,(),0.0,0.0
13275,,0.0,0.0,0.0,0,(),0.0,0.0
13280,,0.0,0.0,0.0,0,(),0.0,0.0
13285,,0.0,0.0,0.0,0,(),0.0,0.0
13290,,0.0,0.0,0.0,0,(),0.0,0.0
13295,,0.0,0.0,0.0,0,(),0.0,0.0
13300,,0.0,0.0,0.0,0,(),0.0,0.0
13305,,0.0,0.0,0.0,0,(),0.0,0.0
13310,,0.0,0.0,0.0,0,(),0.0,0.0
13315,,0.0,0.0,0.0,0,(),0.0,0.0
13320,,0.0,0.0,0.0,0,(),0.0,0.0
13325,,0.0,0.0,0.0,0,(),0.0,0.0
13330,,0.0,0.0,0.0,0,(),0.0,0.0
13335,,0.0,0.0,0.0,0,(),0.0,0.0
13340,,0.0,0.0,0.0,0,(),0.0,0.0
13345,,0.0,0.0,0.0,0,(),0.0,0.0
13350,,0.0,0.0,0.0,0,(),0.0,0.0
13355,,0.0,0.0,0.0,0,(),0.0,0.0
13360,,0.0,0.0,0.0,0,(),0.0,0.0
13365,,0.0,0.0,0.0,0,(),0.0,0.0
13370,,0.0,0.0,0.0,0,(),0.0,0.0
13375,,0.0,0.0,0.0,0,(),0.0,0.0
13380,,0.0,0.0,0.0,0,(),0.0,0.0
13385,,0.0,0.0,0.0,0,(),0.0,0.0
13390,,0.0,0.0,0.0,0,(),0.0,0.0
13395,,0.0,0.0,0.0,0,(),0.0,0.0
13400,,0.0,0.0,0.0,0,(),0.0,0.0
13405,,0.0,0.0,0.0,0,(),0.0,0.0
13410,,0.0,0.0,0.0,0,(),0.0,0.0
13415,,0.0,0.0,0.0,0,(),0.0,0.0
13420,,0.0,0.0,0.0,0,(),0.0,0.0
13425,,0.0,0.0,0.0,0,(),0.0,0.0
13430,,0.0,0.0,0.0,0,(),0.0,0.0
13435,,0.0,0.0,0.0,0,(),0.0,0.0
13440,,0.0,0.0,0.0,0,(),0.0,0.0
13445,,0.0,0.0,0.0,0,(),0.0,0.0
13450,,0.0,0.0,0.0,0,(),0.0,0.0
13455,,0.0,0.0,0.0,0,(),0.0,0.0
13460,,0.0,0.0,0.0,0,(),0.0,0.0
13465,,0.0,0.0,0.0,0,(),0.0,0.0
13470,,0.0,0.0,0.0,0,(),0.0,0.0
13475,,0.0,0.0,0.0,0,(),0.0,0.0
13480,,0.0,0.0,0.0,0,(),0.0,0.0
13485,,0.0,0.0,0.0,0,(),0.0,0.0
13490,,0.0,0.0,0.0,0,(),0.0,0.0
13495,,0.0,0.0,0.0,0,(),0.0,0.0
13500,,0.0,0.0,0.0,0,(),0.0,0.0
13505,,0.0,0.0,0.0,0,(),0.0,0.0
13510,,0.0,0.0,0.0,0,(),0.0,0.0
13515,,0.0,0.0,0.0,0,(),0.0,0.0
13520,,0.0,0.0,0.0,0,(),0.0,0.0
13525,,0.0,0.0,0.0,0,(),0.0,0.0
13530,,0.0,0.0,0.0,0,(),0.0,0.0
13535,,0.0,0.0,0.0,0,(),0.0,0.0
13540,,0.0,0.0,0.0,0,(),0.0,0.0
13545,,0.0,0.0,0.0,0,(),0.0,0.0
13550,,0.0,0.0,0.0,0,(),0.0,0.0
13555,,0.0,0.0,0.0,0,(),0.0,0.0
13560,,0.0,0.0,0.0,0,(),0.0,0.0
13565,,0.0,0.0,0.0,0,(),0.0,0.0
13570,,0.0,0.0,0.0,0,(),0.0,0.0
13575,,0.0,0.0,0.0,0,(),0.0,0.0
13580,,0.0,0.0,0.0,0,(),0.0,0.0
13585,,0.0,0.0,0.0,0,(),0.0,0.0
13590,,0.0,0.0,0.0,0,(),0.0,0.0
13595,,0.0,0.0,0.0,0,(),0.0,0.0
13600,,0.0,0.0,0.0,0,(),0.0,0.0
13605,,0.0,0.0,0.0,0,(),0.0,0.0
13610,,0.0,0.0,0.0,0,(),0.0,0.0
13615,,0.0,0.0,0.0,0,(),0.0,0.0
13620,,0.0,0.0,0.0,0,(),0.0,0.0
13625,,0.0,0.0,0.0,0,(),0.0,0.0
13630,,0.0,0.0,0.0,0,(),0.0,0.0
13635,,0.0,0.0,0.0,0,(),0.0,0.0
13640,,0.0,0.0,0.0,0,(),0.0,0.0
13645,,0.0,0.0,0.0,0,(),0.0,0.0
13650,,0.0,0.0,0.0,0,(),0.0,0.0
13655,,0.0,0.0,0.0,0,(),0.0,0.0
13660,,0.0,0.0,0.0,0,(),0.0,0.0
13665,,0.0,0.0,0.0,0,(),0.0,0.0
13670,,0.0,0.0,0.0,0,(),0.0,0.0
13675,,0.0,0.0,0.0,0,(),0.0,0.0
13680,,0.0,0.0,0.0,0,(),0.0,0.0
13685,,0.0,0.0,0.0,0,(),0.0,0.0
13690,,0.0,0.0,0.0,0,(),0.0,0.0
13695,,0.0,0.0,0.0,0,(),0.0,0.0
13700,,0.0,0.0,0.0,0,(),0.0,0.0
13705,,0.0,0.0,0.0,0,(),0.0,0.0
13710,,0.0,0.0,0.0,0,(),0.0,0.0
13715,,0.0,0.0,0.0,0,(),0.0,0.0
13720,,0.0,0.0,0.0,0,(),0.0,0.0
13725,,0.0,0.0,0.0,0,(),0.0,0.0
13730,,0.0,0.0,0.0,0,(),0.0,0.0
13735,,0.0,0.0,0.0,0,(),0.0,0.0
13740,,0.0,0.0,0.0,0,(),0.0,0.0
13745,,0.0,0.0,0.0,0,(),0.0,0.0
13750,,0.0,0.0,0.0,0,(),0.0,0.0
13755,,0.0,0.0,0.0,0,(),0.0,0.0
13760,,0.0,0.0,0.0,0,(),0.0,0.0
13765,,0.0,0.0,0.0,0,(),0.0,0.0
13770,,0.0,0.0,0.0,0,(),0.0,0.0
13775,,0.0,0.0,0.0,0,(),0.0,0.0
13780,,0.0,0.0,0.0,0,(),0.0,0.0
13785,,0.0,0.0,0.0,0,(),0.0,0.0
13790,,0.0,0.0,0.0,0,(),0.0,0.0
13795,,0.0,0.0,0.0,0,(),0.0,0.0
13800,,0.0,0.0,0.0,0,(),0.0,0.0
13805,,0.0,0.0,0.0,0,(),0.0,0.0
13810,,0.0,0.0,0.0,0,(),0.0,0.0
13815,,0.0,0.0,0.0,0,(),0.0,0.0
13820,,0.0,0.0,0.0,0,(),0.0,0.0
13825,,0.0,0.0,0.0,0,(),0.0,0.0
13830,,0.0,0.0,0.0,0,(),0.0,0.0
13835,,0.0,0.0,0.0,0,(),0.0,0.0
13840,,0.0,0.0,0.0,0,(),0.0,0.0
13845,,0.0,0.0,0.0,0,(),0.0,0.0
13850,,0.0,0.0,0.0,0,(),0.0,0.0
13855,,0.0,0.0,0.0,0,(),0.0,0.0
13860,,0.0,0.0,0.0,0,(),0.0,0.0
13865,,0.0,0.0,0.0,0,(),0.0,0.0
13870,,0.0,0.0,0.0,0,(),0.0,0.0
13875,,0.0,0.0,0.0,0,(),0.0,0.0
13880,,0.0,0.0,0.0,0,(),0.0,0.0
13885,,0.0,0.0,0.0,0,(),0.0,0.0
13890,,0.0,0.0,0.0,0,(),0.0,0.0
13895,,0.0,0.0,0.0,0,(),0.0,0.0
13900,,0.0,0.0,0.0,0,(),0.0,0.0
13905,,0.0,0.0,0.0,0,(),0.0,0.0
13910,,0.0,0.0,0.0,0,(),0.0,0.0
13915,,0.0,0.0,0.0,0,(),0.0,0.0
13920,,0.0,0.0,0.0,0,(),0.0,0.0
13925,,0.0,0.0,0.0,0,(),0.0,0.0
13930,,0.0,0.0,0.0,0,(),0.0,0.0
13935,,0.0,0.0,0.0,0,(),0.0,0.0
13940,,0.0,0.0,0.0,0,(),0.0,0.0
13945,,0.0,0.0,0.0,0,(),0.0,0.0
13950,,0.0,0.0,0.0,0,(),0.0,0.0
13955,,0.0,0.0,0.0,0,(),0.0,0.0
13960,,0.0,0.0,0.0,0,(),0.0,0.0
13965,,0.0,0.0,0.0,0,(),0.0,0.0
13970,,0.0,0.0,0.0,0,(),0.0,0.0
13975,,0.0,0.0,0.0,0,(),0.0,0.0
13980,,0.0,0.0,0.0,0,(),0.0,0.0
13985,,0.0,0.0,0.0,0,(),0.0,0.0
13990,,0.0,0.0,0.0,0,(),0.0,0.0
13995,,0.0,0.0,0.0,0,(),0.0,0.0
14000,,0.0,0.0,0.0,0,(),0.0,0.0
14005,,0.0,0.0,0.0,0,(),0.0,0.0
14010,,0.0,0.0,0.0,0,(),0.0,0.0
14015,,0.0,0.0,0.0,0,(),0.0,0.0
14020,,0.0,0.0,0.0,0,(),0.0,0.0
14025,,0.0,0.0,0.0,0,(),0.0,0.0
14030,,0.0,0.0,0.0,0,(),0.0,0.0
14035,,0.0,0.0,0.0,0,(),0.0,0.0
14040,,0.0,0.0,0.0,0,(),0.0,0.0
14045,,0.0,0.0,0.0,0,(),0.0,0.0
14050,,0.0,0.0,0.0,0,(),0.0,0.0
14055,,0.0,0.0,0.0,0,(),0.0,0.0
14060,,0.0,0.0,0.0,0,(),0.0,0.0
14065,,0.0,0.0,0.0,0,(),0.0,0.0
14070,,0.0,0.0,0.0,0,(),0.0,0.0
14075,,0.0,0.0,0.0,0,(),0.0,0.0
14080,,0.0,0.0,0.0,0,(),0.0,0.0
14085,,0.0,0.0,0.0,0,(),0.0,0.0
14090,,0.0,0.0,0.0,0,(),0.0,0.0
14095,,0.0,0.0,0.0,0,(),0.0,0.0
14100,,0.0,0.0,0.0,0,(),0.0,0.0
14105,,0.0,0.0,0.0,0,(),0.0,0.0
14110,,0.0,0.0,0.0,0,(),0.0,0.0
14115,,0.0,0.0,0.0,0,(),0.0,0.0
14120,,0.0,0.0,0.0,0,(),0.0,0.0
14125,,0.0,0.0,0.0,0,(),0.0,0.0
14130,,0.0,0.0,0.0,0,(),0.0,0.0
14135,,0.0,0.0,0.0,0,(),0.0,0.0
14140,,0.0,0.0,0.0,0,(),0.0,0.0
14145,,0.0,0.0,0.0,0,(),0.0,0.0
14150,,0.0,0.0,0.0,0,(),0.0,0.0
14155,,0.0,0.0,0.0,0,(),0.0,0.0
14160,,0.0,0.0,0.0,0,(),0.0,0.0
14165,,0.0,0.0,0.0,0,(),0.0,0.0
14170,,0.0,0.0,0.0,0,(),0.0,0.0
14175,,0.0,0.0,0.0,0,(),0.0,0.0
14180,,0.0,0.0,0.0,0,(),0.0,0.0
14185,,0.0,0.0,0.0,0,(),0.0,0.0
14190,,0.0,0.0,0.0,0,(),0.0,0.0
14195,,0.0,0.0,0.0,0,(),0.0,0.0
14200,,0.0,0.0,0.0,0,(),0.0,0.0
14205,,0.0,0.0,0.0,0,(),0.0,0.0
14210,,0.0,0.0,0.0,0,(),0.0,0.0
14215,,0.0,0.0,0.0,0,(),0.0,0.0
14220,,0.0,0.0,0.0,0,(),0.0,0.0
14225,,0.0,0.0,0.0,0,(),0.0,0.0
14230,,0.0,0.0,0.0,0,(),0.0,0.0
14235,,0.0,0.0,0.0,0,(),0.0,0.0
14240,,0.0,0.0,0.0,0,(),0.0,0.0
14245,,0.0,0.0,0.0,0,(),0.0,0.0
14250,,0.0,0.0,0.0,0,(),0.0,0.0
14255,,0.0,0.0,0.0,0,(),0.0,0.0
14260,,0.0,0.0,0.0,0,(),0.0,0.0
14265,,0.0,0.0,0.0,0,(),0.0,0.0
14270,,0.0,0.0,0.0,0,(),0.0,0.0
14275,,0.0,0.0,0.0,0,(),0.0,0.0
14280,,0.0,0.0,0.0,0,(),0.0,0.0
14285,,0.0,0.0,0.0,0,(),0.0,0.0
14290,,0.0,0.0,0.0,0,(),0.0,0.0
14295,,0.0,0.0,0.0,0,(),0.0,0.0
14300,,0.0,0.0,0.0,0,(),0.0,0.0
14305,,0.0,0.0,0.0,0,(),0.0,0.0
14310,,0.0,0.0,0.0,0,(),0.0,0.0
14315,,0.0,0.0,0.0,0,(),0.0,0.0
14320,,0.0,0.0,0.0,0,(),0.0,0.0
14325,,0.0,0.0,0.0,0,(),0.0,0.0
14330,,0.0,0.0,0.0,0,(),0.0,0.0
14335,,0.0,0.0,0.0,0,(),0.0,0.0
14340,,0.0,0.0,0.0,0,(),0.0,0.0
14345,,0.0,0.0,0.0,0,(),0.0,0.0
14350,,0.0,0.0,0.0,0,(),0.0,0.0
14355,,0.0,0.0,0.0,0,(),0.0,0.0
14360,,0.0,0.0,0.0,0,(),0.0,0.0
14365,,0.0,0.0,0.0,0,(),0.0,0.0
14370,,0.0,0.0,0.0,0,(),0.0,0.0
14375,,0.0,0.0,0.0,0,(),0.0,0.0
14380,,0.0,0.0,0.0,0,(),0.0,0.0
14385,,0.0,0.0,0.0,0,(),0.0,0.0
14390,,0.0,0.0,0.0,0,(),0.0,0.0
14395,,0.0,0.0,0.0,0,(),0.0,0.0
14400,,0.0,0.0,0.0,0,(),0.0,0.0
14405,,0.0,0.0,0.0,0,(),0.0,0.0
14410,,0.0,0.0,0.0,0,(),0.0,0.0
14415,,0.0,0.0,0.0,0,(),0.0,0.0
14420,,0.0,0.0,0.0,0,(),0.0,0.0
14425,,0.0,0.0,0.0,0,(),0.0,0.0
14430,,0.0,0.0,0.0,0,(),0.0,0.0
14435,,0.0,0.0,0.0,0,(),0.0,0.0
14440,,0.0,0.0,0.0,0,(),0.0,0.0
14445,,0.0,0.0,0.0,0,(),0.0,0.0
14450,,0.0,0.0,0.0,0,(),0.0,0.0
14455,,0.0,0.0,0.0,0,(),0.0,0.0
14460,,0.0,0.0,0.0,0,(),0.0,0.0
14465,,0.0,0.0,0.0,0,(),0.0,0.0
14470,,0.0,0.0,0.0,0,(),0.0,0.0
14475,,0.0,0.0,0.0,0,(),0.0,0.0
14480,,0.0,0.0,0.0,0,(),0.0,0.0
14485,,0.0,0.0,0.0,0,(),0.0,0.0
14490,,0.0,0.0,0.0,0,(),0.0,0.0
14495,,0.0,0.0,0.0,0,(),0.0,0.0
14500,,0.0,0.0,0.0,0,(),0.0,0.0
14505,,0.0,0.0,0.0,0,(),0.0,0.0
14510,,0.0,0.0,0.0,0,(),0.0,0.0
14515,,0.0,0.0,0.0,0,(),0.0,0.0
14520,,0.0,0.0,0.0,0,(),0.0,0.0
14525,,0.0,0.0,0.0,0,(),0.0,0.0
14530,,0.0,0.0,0.0,0,(),0.0,0.0
14535,,0.0,0.0,0.0,0,(),0.0,0.0
14540,,0.0,0.0,0.0,0,(),0.0,0.0
14545,,0.0,0.0,0.0,0,(),0.0,0.0
14550,,0.0,0.0,0.0,0,(),0.0,0.0
14555,,0.0,0.0,0.0,0,(),0.0,0.0
14560,,0.0,0.0,0.0,0,(),0.0,0.0
14565,,0.0,0.0,0.0,0,(),0.0,0.0
14570,,0.0,0.0,0.0,0,(),0.0,0.0
14575,,0.0,0.0,0.0,0,(),0.0,0.0
14580,,0.0,0.0,0.0,0,(),0.0,0.0
14585,,0.0,0.0,0.0,0,(),0.0,0.0
14590,,0.0,0.0,0.0,0,(),0.0,0.0
14595,,0.0,0.0,0.0,0,(),0.0,0.0
14600,,0.0,0.0,0.0,0,(),0.0,0.0
14605,,0.0,0.0,0.0,0,(),0.0,0.0
14610,,0.0,0.0,0.0,0,(),0.0,0.0
14615,,0.0,0.0,0.0,0,(),0.0,0.0
14620,,0.0,0.0,0.0,0,(),0.0,0.0
14625,,0.0,0.0,0.0,0,(),0.0,0.0
14630,,0.0,0.0,0.0,0,(),0.0,0.0
14635,,0.0,0.0,0.0,0,(),0.0,0.0
14640,,0.0,0.0,0.0,0,(),0.0,0.0
14645,,0.0,0.0,0.0,0,(),0.0,0.0
14650,,0.0,0.0,0.0,0,(),0.0,0.0
14655,,0.0,0.0,0.0,0,(),0.0,0.0
14660,,0.0,0.0,0.0,0,(),0.0,0.0
14665,,0.0,0.0,0.0,0,(),0.0,0.0
14670,,0.0,0.0,0.0,0,(),0.0,0.0
14675,,0.0,0.0,0.0,0,(),0.0,0.0
14680,,0.0,0.0,0.0,0,(),0.0,0.0
14685,,0.0,0.0,0.0,0,(),0.0,0.0
14690,,0.0,0.0,0.0,0,(),0.0,0.0
14695,,0.0,0.0,0.0,0,(),0.0,0.0
14700,,0.0,0.0,0.0,0,(),0.0,0.0
14705,,0.0,0.0,0.0,0,(),0.0,0.0
14710,,0.0,0.0,0.0,0,(),0.0,0.0
14715,,0.0,0.0,0.0,0,(),0.0,0.0
14720,,0.0,0.0,0.0,0,(),0.0,0.0
14725,,0.0,0.0,0.0,0,(),0.0,0.0
14730,,0.0,0.0,0.0,0,(),0.0,0.0
14735,,0.0,0.0,0.0,0,(),0.0,0.0
14740,,0.0,0.0,0.0,0,(),0.0,0.0
14745,,0.0,0.0,0.0,0,(),0.0,0.0
14750,,0.0,0.0,0.0,0,(),0.0,0.0
14755,,0.0,0.0,0.0,0,(),0.0,0.0
14760,,0.0,0.0,0.0,0,(),0.0,0.0
14765,,0.0,0.0,0.0,0,(),0.0,0.0
14770,,0.0,0.0,0.0,0,(),0.0,0.0
14775,,0.0,0.0,0.0,0,(),0.0,0.0
14780,,0.0,0.0,0.0,0,(),0.0,0.0
14785,,0.0,0.0,0.0,0,(),0.0,0.0
14790,,0.0,0.0,0.0,0,(),0.0,0.0
14795,,0.0,0.0,0.0,0,(),0.0,0.0
14800,,0.0,0.0,0.0,0,(),0.0,0.0
14805,,0.0,0.0,0.0,0,(),0.0,0.0
14810,,0.0,0.0,0.0,0,(),0.0,0.0
14815,,0.0,0.0,0.0,0,(),0.0,0.0
14820,,0.0,0.0,0.0,0,(),0.0,0.0
14825,,0.0,0.0,0.0,0,(),0.0,0.0
14830,,0.0,0.0,0.0,0,(),0.0,0.0
14835,,0.0,0.0,0.0,0,(),0.0,0.0
14840,,0.0,0.0,0.0,0,(),0.0,0.0
14845,,0.0,0.0,0.0,0,(),0.0,0.0
14850,,0.0,0.0,0.0,0,(),0.0,0.0
14855,,0.0,0.0,0.0,0,(),0.0,0.0
14860,,0.0,0.0,0.0,0,(),0.0,0.0
14865,,0.0,0.0,0.0,0,(),0.0,0.0
14870,,0.0,0.0,0.0,0,(),0.0,0.0
14875,,0.0,0.0,0.0,0,(),0.0,0.0
14880,,0.0,0.0,0.0,0,(),0.0,0.0
14885,,0.0,0.0,0.0,0,(),0.0,0.0
14890,,0.0,0.0,0.0,0,(),0.0,0.0
14895,,0.0,0.0,0.0,0,(),0.0,0.0
14900,,0.0,0.0,0.0,0,(),0.0,0.0
14905,,0.0,0.0,0.0,0,(),0.0,0.0
14910,,0.0,0.0,0.0,0,(),0.0,0.0
14915,,0.0,0.0,0.0,0,(),0.0,0.0
14920,,0.0,0.0,0.0,0,(),0.0,0.0
14925,,0.0,0.0,0.0,0,(),0.0,0.0
14930,,0.0,0.0,0.0,0,(),0.0,0.0
14935,,0.0,0.0,0.0,0,(),0.0,0.0
14940,,0.0,0.0,0.0,0,(),0.0,0.0
14945,,0.0,0.0,0.0,0,(),0.0,0.0
14950,,0.0,0.0,0.0,0,(),0.0,0.0
14955,,0.0,0.0,0.0,0,(),0.0,0.0
14960,,0.0,0.0,0.0,0,(),0.0,0.0
14965,,0.0,0.0,0.0,0,(),0.0,0.0
14970,,0.0,0.0,0.0,0,(),0.0,0.0
14975,,0.0,0.0,0.0,0,(),0.0,0.0
14980,,0.0,0.0,0.0,0,(),0.0,0.0
14985,,0.0,0.0,0.0,0,(),0.0,0.0
14990,,0.0,0.0,0.0,0,(),0.0,0.0
14995,,0.0,0.0,0.0,0,(),0.0,0.0
15000,,0.0,0.0,0.0,0,(),0.0,0.0
15005,,0.0,0.0,0.0,0,(),0.0,0.0
15010,,0.0,0.0,0.0,0,(),0.0,0.0
15015,,0.0,0.0,0.0,0,(),0.0,0.0
15020,,0.0,0.0,0.0,0,(),0.0,0.0
15025,,0.0,0.0,0.0,0,(),0.0,0.0
15030,,0.0,0.0,0.0,0,(),0.0,0.0
15035,,0.0,0.0,0.0,0,(),0.0,0.0
15040,,0.0,0.0,0.0,0,(),0.0,0.0
15045,,0.0,0.0,0.0,0,(),0.0,0.0
15050,,0.0,0.0,0.0,0,(),0.0,0.0
15055,,0.0,0.0,0.0,0,(),0.0,0.0
15060,,0.0,0.0,0.0,0,(),0.0,0.0
15065,,0.0,0.0,0.0,0,(),0.0,0.0
15070,,0.0,0.0,0.0,0,(),0.0,0.0
15075,,0.0,0.0,0.0,0,(),0.0,0.0
15080,,0.0,0.0,0.0,0,(),0.0,0.0
15085,,0.0,0.0,0.0,0,(),0.0,0.0
15090,,0.0,0.0,0.0,0,(),0.0,0.0
15095,,0.0,0.0,0.0,0,(),0.0,0.0
15100,,0.0,0.0,0.0,0,(),0.0,0.0
15105,,0.0,0.0,0.0,0,(),0.0,0.0
15110,,0.0,0.0,0.0,0,(),0.0,0.0
15115,,0.0,0.0,0.0,0,(),0.0,0.0
15120,,0.0,0.0,0.0,0,(),0.0,0.0
15125,,0.0,0.0,0.0,0,(),0.0,0.0
15130,,0.0,0.0,0.0,0,(),0.0,0.0
15135,,0.0,0.0,0.0,0,(),0.0,0.0
15140,,0.0,0.0,0.0,0,(),0.0,0.0
15145,,0.0,0.0,0.0,0,(),0.0,0.0
15150,,0.0,0.0,0.0,0,(),0.0,0.0
15155,,0.0,0.0,0.0,0,(),0.0,0.0
15160,,0.0,0.0,0.0,0,(),0.0,0.0
15165,,0.0,0.0,0.0,0,(),0.0,0.0
15170,,0.0,0.0,0.0,0,(),0.0,0.0
15175,,0.0,0.0,0.0,0,(),0.0,0.0
15180,,0.0,0.0,0.0,0,(),0.0,0.0
15185,,0.0,0.0,0.0,0,(),0.0,0.0
15190,,0.0,0.0,0.0,0,(),0.0,0.0
15195,,0.0,0.0,0.0,0,(),0.0,0.0
15200,,0.0,0.0,0.0,0,(),0.0,0.0
15205,,0.0,0.0,0.0,0,(),0.0,0.0
15210,,0.0,0.0,0.0,0,(),0.0,0.0
15215,,0.0,0.0,0.0,0,(),0.0,0.0
15220,,0.0,0.0,0.0,0,(),0.0,0.0
15225,,0.0,0.0,0.0,0,(),0.0,0.0
15230,,0.0,0.0,0.0,0,(),0.0,0.0
15235,,0.0,0.0,0.0,0,(),0.0,0.0
15240,,0.0,0.0,0.0,0,(),0.0,0.0
15245,,0.0,0.0,0.0,0,(),0.0,0.0
15250,,0.0,0.0,0.0,0,(),0.0,0.0
15255,,0.0,0.0,0.0,0,(),0.0,0.0
15260,,0.0,0.0,0.0,0,(),0.0,0.0
15265,,0.0,0.0,0.0,0,(),0.0,0.0
15270,,0.0,0.0,0.0,0,(),0.0,0.0
15275,,0.0,0.0,0.0,0,(),0.0,0.0
15280,,0.0,0.0,0.0,0,(),0.0,0.0
15285,,0.0,0.0,0.0,0,(),0.0,0.0
15290,,0.0,0.0,0.0,0,(),0.0,0.0
15295,,0.0,0.0,0.0,0,(),0.0,0.0
15300,,0.0,0.0,0.0,0,(),0.0,0.0
15305,,0.0,0.0,0.0,0,(),0.0,0.0
15310,,0.0,0.0,0.0,0,(),0.0,0.0
15315,,0.0,0.0,0.0,0,(),0.0,0.0
15320,,0.0,0.0,0.0,0,(),0.0,0.0
15325,,0.0,0.0,0.0,0,(),0.0,0.0
15330,,0.0,0.0,0.0,0,(),0.0,0.0
15335,,0.0,0.0,0.0,0,(),0.0,0.0
15340,,0.0,0.0,0.0,0,(),0.0,0.0
15345,,0.0,0.0,0.0,0,(),0.0,0.0
15350,,0.0,0.0,0.0,0,(),0.0,0.0
15355,,0.0,0.0,0.0,0,(),0.0,0.0
15360,,0.0,0.0,0.0,0,(),0.0,0.0
15365,,0.0,0.0,0.0,0,(),0.0,0.0
15370,,0.0,0.0,0.0,0,(),0.0,0.0
15375,,0.0,0.0,0.0,0,(),0.0,0.0
15380,,0.0,0.0,0.0,0,(),0.0,0.0
15385,,0.0,0.0,0.0,0,(),0.0,0.0
15390,,0.0,0.0,0.0,0,(),0.0,0.0
15395,,0.0,0.0,0.0,0,(),0.0,0.0
15400,,0.0,0.0,0.0,0,(),0.0,0.0
15405,,0.0,0.0,0.0,0,(),0.0,0.0
15410,,0.0,0.0,0.0,0,(),0.0,0.0
15415,,0.0,0.0,0.0,0,(),0.0,0.0
15420,,0.0,0.0,0.0,0,(),0.0,0.0
15425,,0.0,0.0,0.0,0,(),0.0,0.0
15430,,0.0,0.0,0.0,0,(),0.0,0.0
15435,,0.0,0.0,0.0,0,(),0.0,0.0
15440,,0.0,0.0,0.0,0,(),0.0,0.0
15445,,0.0,0.0,0.0,0,(),0.0,0.0
15450,,0.0,0.0,0.0,0,(),0.0,0.0
15455,,0.0,0.0,0.0,0,(),0.0,0.0
15460,,0.0,0.0,0.0,0,(),0.0,0.0
15465,,0.0,0.0,0.0,0,(),0.0,0.0
15470,,0.0,0.0,0.0,0,(),0.0,0.0
15475,,0.0,0.0,0.0,0,(),0.0,0.0
15480,,0.0,0.0,0.0,0,(),0.0,0.0
15485,,0.0,0.0,0.0,0,(),0.0,0.0
15490,,0.0,0.0,0.0,0,(),0.0,0.0
15495,,0.0,0.0,0.0,0,(),0.0,0.0
15500,,0.0,0.0,0.0,0,(),0.0,0.0
15505,,0.0,0.0,0.0,0,(),0.0,0.0
15510,,0.0,0.0,0.0,0,(),0.0,0.0
15515,,0.0,0.0,0.0,0,(),0.0,0.0
15520,,0.0,0.0,0.0,0,(),0.0,0.0
15525,,0.0,0.0,0.0,0,(),0.0,0.0
15530,,0.0,0.0,0.0,0,(),0.0,0.0
15535,,0.0,0.0,0.0,0,(),0.0,0.0
15540,,0.0,0.0,0.0,0,(),0.0,0.0
15545,,0.0,0.0,0.0,0,(),0.0,0.0
15550,,0.0,0.0,0.0,0,(),0.0,0.0
15555,,0.0,0.0,0.0,0,(),0.0,0.0
15560,,0.0,0.0,0.0,0,(),0.0,0.0
15565,,0.0,0.0,0.0,0,(),0.0,0.0
15570,,0.0,0.0,0.0,0,(),0.0,0.0
15575,,0.0,0.0,0.0,0,(),0.0,0.0
15580,,0.0,0.0,0.0,0,(),0.0,0.0
15585,,0.0,0.0,0.0,0,(),0.0,0.0
15590,,0.0,0.0,0.0,0,(),0.0,0.0
15595,,0.0,0.0,0.0,0,(),0.0,0.0
15600,,0.0,0.0,0.0,0,(),0.0,0.0
15605,,0.0,0.0,0.0,0,(),0.0,0.0
15610,,0.0,0.0,0.0,0,(),0.0,0.0
15615,,0.0,0.0,0.0,0,(),0.0,0.0
15620,,0.0,0.0,0.0,0,(),0.0,0.0
15625,,0.0,0.0,0.0,0,(),0.0,0.0
15630,,0.0,0.0,0.0,0,(),0.0,0.0
15635,,0.0,0.0,0.0,0,(),0.0,0.0
15640,,0.0,0.0,0.0,0,(),0.0,0.0
15645,,0.0,0.0,0.0,0,(),0.0,0.0
15650,,0.0,0.0,0.0,0,(),0.0,0.0
15655,,0.0,0.0,0.0,0,(),0.0,0.0
15660,,0.0,0.0,0.0,0,(),0.0,0.0
15665,,0.0,0.0,0.0,0,(),0.0,0.0
15670,,0.0,0.0,0.0,0,(),0.0,0.0
15675,,0.0,0.0,0.0,0,(),0.0,0.0
15680,,0.0,0.0,0.0,0,(),0.0,0.0
15685,,0.0,0.0,0.0,0,(),0.0,0.0
15690,,0.0,0.0,0.0,0,(),0.0,0.0
15695,,0.0,0.0,0.0,0,(),0.0,0.0
15700,,0.0,0.0,0.0,0,(),0.0,0.0
15705,,0.0,0.0,0.0,0,(),0.0,0.0
15710,,0.0,0.0,0.0,0,(),0.0,0.0
15715,,0.0,0.0,0.0,0,(),0.0,0.0
15720,,0.0,0.0,0.0,0,(),0.0,0.0
15725,,0.0,0.0,0.0,0,(),0.0,0.0
15730,,0.0,0.0,0.0,0,(),0.0,0.0
15735,,0.0,0.0,0.0,0,(),0.0,0.0
15740,,0.0,0.0,0.0,0,(),0.0,0.0
15745,,0.0,0.0,0.0,0,(),0.0,0.0
15750,,0.0,0.0,0.0,0,(),0.0,0.0
15755,,0.0,0.0,0.0,0,(),0.0,0.0
15760,,0.0,0.0,0.0,0,(),0.0,0.0
15765,,0.0,0.0,0.0,0,(),0.0,0.0
15770,,0.0,0.0,0.0,0,(),0.0,0.0
15775,,0.0,0.0,0.0,0,(),0.0,0.0
15780,,0.0,0.0,0.0,0,(),0.0,0.0
15785,,0.0,0.0,0.0,0,(),0.0,0.0
15790,,0.0,0.0,0.0,0,(),0.0,0.0
15795,,0.0,0.0,0.0,0,(),0.0,0.0
15800,,0.0,0.0,0.0,0,(),0.0,0.0
15805,,0.0,0.0,0.0,0,(),0.0,0.0
15810,,0.0,0.0,0.0,0,(),0.0,0.0
15815,,0.0,0.0,0.0,0,(),0.0,0.0
15820,,0.0,0.0,0.0,0,(),0.0,0.0
15825,,0.0,0.0,0.0,0,(),0.0,0.0
15830,,0.0,0.0,0.0,0,(),0.0,0.0
15835,,0.0,0.0,0.0,0,(),0.0,0.0
15840,,0.0,0.0,0.0,0,(),0.0,0.0
15845,,0.0,0.0,0.0,0,(),0.0,0.0
15850,,0.0,0.0,0.0,0,(),0.0,0.0
15855,,0.0,0.0,0.0,0,(),0.0,0.0
15860,,0.0,0.0,0.0,0,(),0.0,0.0
15865,,0.0,0.0,0.0,0,(),0.0,0.0
15870,,0.0,0.0,0.0,0,(),0.0,0.0
15875,,0.0,0.0,0.0,0,(),0.0,0.0
15880,,0.0,0.0,0.0,0,(),0.0,0.0
15885,,0.0,0.0,0.0,0,(),0.0,0.0
15890,,0.0,0.0,0.0,0,(),0.0,0.0
15895,,0.0,0.0,0.0,0,(),0.0,0.0
15900,,0.0,0.0,0.0,0,(),0.0,0.0
15905,,0.0,0.0,0.0,0,(),0.0,0.0
15910,,0.0,0.0,0.0,0,(),0.0,0.0
15915,,0.0,0.0,0.0,0,(),0.0,0.0
15920,,0.0,0.0,0.0,0,(),0.0,0.0
15925,,0.0,0.0,0.0,0,(),0.0,0.0
15930,,0.0,0.0,0.0,0,(),0.0,0.0
15935,,0.0,0.0,0.0,0,(),0.0,0.0
15940,,0.0,0.0,0.0,0,(),0.0,0.0
15945,,0.0,0.0,0.0,0,(),0.0,0.0
15950,,0.0,0.0,0.0,0,(),0.0,0.0
15955,,0.0,0.0,0.0,0,(),0.0,0.0
15960,,0.0,0.0,0.0,0,(),0.0,0.0
15965,,0.0,0.0,0.0,0,(),0.0,0.0
15970,,0.0,0.0,0.0,0,(),0.0,0.0
15975,,0.0,0.0,0.0,0,(),0.0,0.0
15980,,0.0,0.0,0.0,0,(),0.0,0.0
15985,,0.0,0.0,0.0,0,(),0.0,0.0
15990,,0.0,0.0,0.0,0,(),0.0,0.0
15995,,0.0,0.0,0.0,0,(),0.0,0.0
16000,,0.0,0.0,0.0,0,(),0.0,0.0
16005,,0.0,0.0,0.0,0,(),0.0,0.0
16010,,0.0,0.0,0.0,0,(),0.0,0.0
16015,,0.0,0.0,0.0,0,(),0.0,0.0
16020,,0.0,0.0,0.0,0,(),0.0,0.0
16025,,0.0,0.0,0.0,0,(),0.0,0.0
16030,,0.0,0.0,0.0,0,(),0.0,0.0
16035,,0.0,0.0,0.0,0,(),0.0,0.0
16040,,0.0,0.0,0.0,0,(),0.0,0.0
16045,,0.0,0.0,0.0,0,(),0.0,0.0
16050,,0.0,0.0,0.0,0,(),0.0,0.0
16055,,0.0,0.0,0.0,0,(),0.0,0.0
16060,,0.0,0.0,0.0,0,(),0.0,0.0
16065,,0.0,0.0,0.0,0,(),0.0,0.0
16070,,0.0,0.0,0.0,0,(),0.0,0.0
16075,,0.0,0.0,0.0,0,(),0.0,0.0
16080,,0.0,0.0,0.0,0,(),0.0,0.0
16085,,0.0,0.0,0.0,0,(),0.0,0.0
16090,,0.0,0.0,0.0,0,(),0.0,0.0
16095,,0.0,0.0,0.0,0,(),0.0,0.0
16100,,0.0,0.0,0.0,0,(),0.0,0.0
16105,,0.0,0.0,0.0,0,(),0.0,0.0
16110,,0.0,0.0,0.0,0,(),0.0,0.0
16115,,0.0,0.0,0.0,0,(),0.0,0.0
16120,,0.0,0.0,0.0,0,(),0.0,0.0
16125,,0.0,0.0,0.0,0,(),0.0,0.0
16130,,0.0,0.0,0.0,0,(),0.0,0.0
16135,,0.0,0.0,0.0,0,(),0.0,0.0
16140,,0.0,0.0,0.0,0,(),0.0,0.0
16145,,0.0,0.0,0.0,0,(),0.0,0.0
16150,,0.0,0.0,0.0,0,(),0.0,0.0
16155,,0.0,0.0,0.0,0,(),0.0,0.0
16160,,0.0,0.0,0.0,0,(),0.0,0.0
16165,,0.0,0.0,0.0,0,(),0.0,0.0
16170,,0.0,0.0,0.0,0,(),0.0,0.0
16175,,0.0,0.0,0.0,0,(),0.0,0.0
16180,,0.0,0.0,0.0,0,(),0.0,0.0
16185,,0.0,0.0,0.0,0,(),0.0,0.0
16190,,0.0,0.0,0.0,0,(),0.0,0.0
16195,,0.0,0.0,0.0,0,(),0.0,0.0
16200,,0.0,0.0,0.0,0,(),0.0,0.0
16205,,0.0,0.0,0.0,0,(),0.0,0.0
16210,,0.0,0.0,0.0,0,(),0.0,0.0
16215,,0.0,0.0,0.0,0,(),0.0,0.0
16220,,0.0,0.0,0.0,0,(),0.0,0.0
16225,,0.0,0.0,0.0,0,(),0.0,0.0
16230,,0.0,0.0,0.0,0,(),0.0,0.0
16235,,0.0,0.0,0.0,0,(),0.0,0.0
16240,,0.0,0.0,0.0,0,(),0.0,0.0
16245,,0.0,0.0,0.0,0,(),0.0,0.0
16250,,0.0,0.0,0.0,0,(),0.0,0.0
16255,,0.0,0.0,0.0,0,(),0.0,0.0
16260,,0.0,0.0,0.0,0,(),0.0,0.0
16265,,0.0,0.0,0.0,0,(),0.0,0.0
16270,,0.0,0.0,0.0,0,(),0.0,0.0
16275,,0.0,0.0,0.0,0,(),0.0,0.0
16280,,0.0,0.0,0.0,0,(),0.0,0.0
16285,,0.0,0.0,0.0,0,(),0.0,0.0
16290,,0.0,0.0,0.0,0,(),0.0,0.0
16295,,0.0,0.0,0.0,0,(),0.0,0.0
16300,,0.0,0.0,0.0,0,(),0.0,0.0
16305,,0.0,0.0,0.0,0,(),0.0,0.0
16310,,0.0,0.0,0.0,0,(),0.0,0.0
16315,,0.0,0.0,0.0,0,(),0.0,0.0
16320,,0.0,0.0,0.0,0,(),0.0,0.0
16325,,0.0,0.0,0.0,0,(),0.0,0.0
16330,,0.0,0.0,0.0,0,(),0.0,0.0
16335,,0.0,0.0,0.0,0,(),0.0,0.0
16340,,0.0,0.0,0.0,0,(),0.0,0.0
16345,,0.0,0.0,0.0,0,(),0.0,0.0
16350,,0.0,0.0,0.0,0,(),0.0,0.0
16355,,0.0,0.0,0.0,0,(),0.0,0.0
16360,,0.0,0.0,0.0,0,(),0.0,0.0
16365,,0.0,0.0,0.0,0,(),0.0,0.0
16370,,0.0,0.0,0.0,0,(),0.0,0.0
16375,,0.0,0.0,0.0,0,(),0.0,0.0
16380,,0.0,0.0,0.0,0,(),0.0,0.0
16385,,0.0,0.0,0.0,0,(),0.0,0.0
16390,,0.0,0.0,0.0,0,(),0.0,0.0
16395,,0.0,0.0,0.0,0,(),0.0,0.0
16400,,0.0,0.0,0.0,0,(),0.0,0.0
16405,,0.0,0.0,0.0,0,(),0.0,0.0
16410,,0.0,0.0,0.0,0,(),0.0,0.0
16415,,0.0,0.0,0.0,0,(),0.0,0.0
16420,,0.0,0.0,0.0,0,(),0.0,0.0
16425,,0.0,0.0,0.0,0,(),0.0,0.0
16430,,0.0,0.0,0.0,0,(),0.0,0.0
16435,,0.0,0.0,0.0,0,(),0.0,0.0
16440,,0.0,0.0,0.0,0,(),0.0,0.0
16445,,0.0,0.0,0.0,0,(),0.0,0.0
16450,,0.0,0.0,0.0,0,(),0.0,0.0
16455,,0.0,0.0,0.0,0,(),0.0,0.0
16460,,0.0,0.0,0.0,0,(),0.0,0.0
16465,,0.0,0.0,0.0,0,(),0.0,0.0
16470,,0.0,0.0,0.0,0,(),0.0,0.0
16475,,0.0,0.0,0.0,0,(),0.0,0.0
16480,,0.0,0.0,0.0,0,(),0.0,0.0
16485,,0.0,0.0,0.0,0,(),0.0,0.0
16490,,0.0,0.0,0.0,0,(),0.0,0.0
16495,,0.0,0.0,0.0,0,(),0.0,0.0
16500,,0.0,0.0,0.0,0,(),0.0,0.0
16505,,0.0,0.0,0.0,0,(),0.0,0.0
16510,,0.0,0.0,0.0,0,(),0.0,0.0
16515,,0.0,0.0,0.0,0,(),0.0,0.0
16520,,0.0,0.0,0.0,0,(),0.0,0.0
16525,,0.0,0.0,0.0,0,(),0.0,0.0
16530,,0.0,0.0,0.0,0,(),0.0,0.0
16535,,0.0,0.0,0.0,0,(),0.0,0.0
16540,,0.0,0.0,0.0,0,(),0.0,0.0
16545,,0.0,0.0,0.0,0,(),0.0,0.0
16550,,0.0,0.0,0.0,0,(),0.0,0.0
16555,,0.0,0.0,0.0,0,(),0.0,0.0
16560,,0.0,0.0,0.0,0,(),0.0,0.0
16565,,0.0,0.0,0.0,0,(),0.0,0.0
16570,,0.0,0.0,0.0,0,(),0.0,0.0
16575,,0.0,0.0,0.0,0,(),0.0,0.0
16580,,0.0,0.0,0.0,0,(),0.0,0.0
16585,,0.0,0.0,0.0,0,(),0.0,0.0
16590,,0.0,0.0,0.0,0,(),0.0,0.0
16595,,0.0,0.0,0.0,0,(),0.0,0.0
16600,,0.0,0.0,0.0,0,(),0.0,0.0
16605,,0.0,0.0,0.0,0,(),0.0,0.0
16610,,0.0,0.0,0.0,0,(),0.0,0.0
16615,,0.0,0.0,0.0,0,(),0.0,0.0
16620,,0.0,0.0,0.0,0,(),0.0,0.0
16625,,0.0,0.0,0.0,0,(),0.0,0.0
16630,,0.0,0.0,0.0,0,(),0.0,0.0
16635,,0.0,0.0,0.0,0,(),0.0,0.0
16640,,0.0,0.0,0.0,0,(),0.0,0.0
16645,,0.0,0.0,0.0,0,(),0.0,0.0
16650,,0.0,0.0,0.0,0,(),0.0,0.0
16655,,0.0,0.0,0.0,0,(),0.0,0.0
16660,,0.0,0.0,0.0,0,(),0.0,0.0
16665,,0.0,0.0,0.0,0,(),0.0,0.0
16670,,0.0,0.0,0.0,0,(),0.0,0.0
16675,,0.0,0.0,0.0,0,(),0.0,0.0
16680,,0.0,0.0,0.0,0,(),0.0,0.0
16685,,0.0,0.0,0.0,0,(),0.0,0.0
16690,,0.0,0.0,0.0,0,(),0.0,0.0
16695,,0.0,0.0,0.0,0,(),0.0,0.0
16700,,0.0,0.0,0.0,0,(),0.0,0.0
16705,,0.0,0.0,0.0,0,(),0.0,0.0
16710,,0.0,0.0,0.0,0,(),0.0,0.0
16715,,0.0,0.0,0.0,0,(),0.0,0.0
16720,,0.0,0.0,0.0,0,(),0.0,0.0
16725,,0.0,0.0,0.0,0,(),0.0,0.0
16730,,0.0,0.0,0.0,0,(),0.0,0.0
16735,,0.0,0.0,0.0,0,(),0.0,0.0
16740,,0.0,0.0,0.0,0,(),0.0,0.0
16745,,0.0,0.0,0.0,0,(),0.0,0.0
16750,,0.0,0.0,0.0,0,(),0.0,0.0
16755,,0.0,0.0,0.0,0,(),0.0,0.0
16760,,0.0,0.0,0.0,0,(),0.0,0.0
16765,,0.0,0.0,0.0,0,(),0.0,0.0
16770,,0.0,0.0,0.0,0,(),0.0,0.0
16775,,0.0,0.0,0.0,0,(),0.0,0.0
16780,,0.0,0.0,0.0,0,(),0.0,0.0
16785,,0.0,0.0,0.0,0,(),0.0,0.0
16790,,0.0,0.0,0.0,0,(),0.0,0.0
16795,,0.0,0.0,0.0,0,(),0.0,0.0
16800,,0.0,0.0,0.0,0,(),0.0,0.0
16805,,0.0,0.0,0.0,0,(),0.0,0.0
16810,,0.0,0.0,0.0,0,(),0.0,0.0
16815,,0.0,0.0,0.0,0,(),0.0,0.0
16820,,0.0,0.0,0.0,0,(),0.0,0.0
16825,,0.0,0.0,0.0,0,(),0.0,0.0
16830,,0.0,0.0,0.0,0,(),0.0,0.0
16835,,0.0,0.0,0.0,0,(),0.0,0.0
16840,,0.0,0.0,0.0,0,(),0.0,0.0
16845,,0.0,0.0,0.0,0,(),0.0,0.0
16850,,0.0,0.0,0.0,0,(),0.0,0.0
16855,,0.0,0.0,0.0,0,(),0.0,0.0
16860,,0.0,0.0,0.0,0,(),0.0,0.0
16865,,0.0,0.0,0.0,0,(),0.0,0.0
16870,,0.0,0.0,0.0,0,(),0.0,0.0
16875,,0.0,0.0,0.0,0,(),0.0,0.0
16880,,0.0,0.0,0.0,0,(),0.0,0.0
16885,,0.0,0.0,0.0,0,(),0.0,0.0
16890,,0.0,0.0,0.0,0,(),0.0,0.0
16895,,0.0,0.0,0.0,0,(),0.0,0.0
16900,,0.0,0.0,0.0,0,(),0.0,0.0
16905,,0.0,0.0,0.0,0,(),0.0,0.0
16910,,0.0,0.0,0.0,0,(),0.0,0.0
16915,,0.0,0.0,0.0,0,(),0.0,0.0
16920,,0.0,0.0,0.0,0,(),0.0,0.0
16925,,0.0,0.0,0.0,0,(),0.0,0.0
16930,,0.0,0.0,0.0,0,(),0.0,0.0
16935,,0.0,0.0,0.0,0,(),0.0,0.0
16940,,0.0,0.0,0.0,0,(),0.0,0.0
16945,,0.0,0.0,0.0,0,(),0.0,0.0
16950,,0.0,0.0,0.0,0,(),0.0,0.0
16955,,0.0,0.0,0.0,0,(),0.0,0.0
16960,,0.0,0.0,0.0,0,(),0.0,0.0
16965,,0.0,0.0,0.0,0,(),0.0,0.0
16970,,0.0,0.0,0.0,0,(),0.0,0.0
16975,,0.0,0.0,0.0,0,(),0.0,0.0
16980,,0.0,0.0,0.0,0,(),0.0,0.0
16985,,0.0,0.0,0.0,0,(),0.0,0.0
16990,,0.0,0.0,0.0,0,(),0.0,0.0
16995,,0.0,0.0,0.0,0,(),0.0,0.0
17000,,0.0,0.0,0.0,0,(),0.0,0.0
17005,,0.0,0.0,0.0,0,(),0.0,0.0
17010,,0.0,0.0,0.0,0,(),0.0,0.0
17015,,0.0,0.0,0.0,0,(),0.0,0.0
17020,,0.0,0.0,0.0,0,(),0.0,0.0
17025,,0.0,0.0,0.0,0,(),0.0,0.0
17030,,0.0,0.0,0.0,0,(),0.0,0.0
17035,,0.0,0.0,0.0,0,(),0.0,0.0
17040,,0.0,0.0,0.0,0,(),0.0,0.0
17045,,0.0,0.0,0.0,0,(),0.0,0.0
17050,,0.0,0.0,0.0,0,(),0.0,0.0
17055,,0.0,0.0,0.0,0,(),0.0,0.0
17060,,0.0,0.0,0.0,0,(),0.0,0.0
17065,,0.0,0.0,0.0,0,(),0.0,0.0
17070,,0.0,0.0,0.0,0,(),0.0,0.0
17075,,0.0,0.0,0.0,0,(),0.0,0.0
17080,,0.0,0.0,0.0,0,(),0.0,0.0
17085,,0.0,0.0,0.0,0,(),0.0,0.0
17090,,0.0,0.0,0.0,0,(),0.0,0.0
17095,,0.0,0.0,0.0,0,(),0.0,0.0
17100,,0.0,0.0,0.0,0,(),0.0,0.0
17105,,0.0,0.0,0.0,0,(),0.0,0.0
17110,,0.0,0.0,0.0,0,(),0.0,0.0
17115,,0.0,0.0,0.0,0,(),0.0,0.0
17120,,0.0,0.0,0.0,0,(),0.0,0.0
17125,,0.0,0.0,0.0,0,(),0.0,0.0
17130,,0.0,0.0,0.0,0,(),0.0,0.0
17135,,0.0,0.0,0.0,0,(),0.0,0.0
17140,,0.0,0.0,0.0,0,(),0.0,0.0
17145,,0.0,0.0,0.0,0,(),0.0,0.0
17150,,0.0,0.0,0.0,0,(),0.0,0.0
17155,,0.0,0.0,0.0,0,(),0.0,0.0
17160,,0.0,0.0,0.0,0,(),0.0,0.0
17165,,0.0,0.0,0.0,0,(),0.0,0.0
17170,,0.0,0.0,0.0,0,(),0.0,0.0
17175,,0.0,0.0,0.0,0,(),0.0,0.0
17180,,0.0,0.0,0.0,0,(),0.0,0.0
17185,,0.0,0.0,0.0,0,(),0.0,0.0
17190,,0.0,0.0,0.0,0,(),0.0,0.0
17195,,0.0,0.0,0.0,0,(),0.0,0.0
17200,,0.0,0.0,0.0,0,(),0.0,0.0
17205,,0.0,0.0,0.0,0,(),0.0,0.0
17210,,0.0,0.0,0.0,0,(),0.0,0.0
17215,,0.0,0.0,0.0,0,(),0.0,0.0
17220,,0.0,0.0,0.0,0,(),0.0,0.0
17225,,0.0,0.0,0.0,0,(),0.0,0.0
17230,,0.0,0.0,0.0,0,(),0.0,0.0
17235,,0.0,0.0,0.0,0,(),0.0,0.0
17240,,0.0,0.0,0.0,0,(),0.0,0.0
17245,,0.0,0.0,0.0,0,(),0.0,0.0
17250,,0.0,0.0,0.0,0,(),0.0,0.0
17255,,0.0,0.0,0.0,0,(),0.0,0.0
17260,,0.0,0.0,0.0,0,(),0.0,0.0
17265,,0.0,0.0,0.0,0,(),0.0,0.0
17270,,0.0,0.0,0.0,0,(),0.0,0.0
17275,,0.0,0.0,0.0,0,(),0.0,0.0
17280,,0.0,0.0,0.0,0,(),0.0,0.0
17285,,0.0,0.0,0.0,0,(),0.0,0.0
17290,,0.0,0.0,0.0,0,(),0.0,0.0
17295,,0.0,0.0,0.0,0,(),0.0,0.0
17300,,0.0,0.0,0.0,0,(),0.0,0.0
17305,,0.0,0.0,0.0,0,(),0.0,0.0
17310,,0.0,0.0,0.0,0,(),0.0,0.0
17315,,0.0,0.0,0.0,0,(),0.0,0.0
17320,,0.0,0.0,0.0,0,(),0.0,0.0
17325,,0.0,0.0,0.0,0,(),0.0,0.0
17330,,0.0,0.0,0.0,0,(),0.0,0.0
17335,,0.0,0.0,0.0,0,(),0.0,0.0
17340,,0.0,0.0,0.0,0,(),0.0,0.0
17345,,0.0,0.0,0.0,0,(),0.0,0.0
17350,,0.0,0.0,0.0,0,(),0.0,0.0
17355,,0.0,0.0,0.0,0,(),0.0,0.0
17360,,0.0,0.0,0.0,0,(),0.0,0.0
17365,,0.0,0.0,0.0,0,(),0.0,0.0
17370,,0.0,0.0,0.0,0,(),0.0,0.0
17375,,0.0,0.0,0.0,0,(),0.0,0.0
17380,,0.0,0.0,0.0,0,(),0.0,0.0
17385,,0.0,0.0,0.0,0,(),0.0,0.0
17390,,0.0,0.0,0.0,0,(),0.0,0.0
17395,,0.0,0.0,0.0,0,(),0.0,0.0
17400,,0.0,0.0,0.0,0,(),0.0,0.0
17405,,0.0,0.0,0.0,0,(),0.0,0.0
17410,,0.0,0.0,0.0,0,(),0.0,0.0
17415,,0.0,0.0,0.0,0,(),0.0,0.0
17420,,0.0,0.0,0.0,0,(),0.0,0.0
17425,,0.0,0.0,0.0,0,(),0.0,0.0
17430,,0.0,0.0,0.0,0,(),0.0,0.0
17435,,0.0,0.0,0.0,0,(),0.0,0.0
17440,,0.0,0.0,0.0,0,(),0.0,0.0
17445,,0.0,0.0,0.0,0,(),0.0,0.0
17450,,0.0,0.0,0.0,0,(),0.0,0.0
17455,,0.0,0.0,0.0,0,(),0.0,0.0
17460,,0.0,0.0,0.0,0,(),0.0,0.0
17465,,0.0,0.0,0.0,0,(),0.0,0.0
17470,,0.0,0.0,0.0,0,(),0.0,0.0
17475,,0.0,0.0,0.0,0,(),0.0,0.0
17480,,0.0,0.0,0.0,0,(),0.0,0.0
17485,,0.0,0.0,0.0,0,(),0.0,0.0
17490,,0.0,0.0,0.0,0,(),0.0,0.0
17495,,0.0,0.0,0.0,0,(),0.0,0.0
17500,,0.0,0.0,0.0,0,(),0.0,0.0
17505,,0.0,0.0,0.0,0,(),0.0,0.0
17510,,0.0,0.0,0.0,0,(),0.0,0.0
17515,,0.0,0.0,0.0,0,(),0.0,0.0
17520,,0.0,0.0,0.0,0,(),0.0,0.0
17525,,0.0,0.0,0.0,0,(),0.0,0.0
17530,,0.0,0.0,0.0,0,(),0.0,0.0
17535,,0.0,0.0,0.0,0,(),0.0,0.0
17540,,0.0,0.0,0.0,0,(),0.0,0.0
17545,,0.0,0.0,0.0,0,(),0.0,0.0
17550,,0.0,0.0,0.0,0,(),0.0,0.0
17555,,0.0,0.0,0.0,0,(),0.0,0.0
17560,,0.0,0.0,0.0,0,(),0.0,0.0
17565,,0.0,0.0,0.0,0,(),0.0,0.0
17570,,0.0,0.0,0.0,0,(),0.0,0.0
17575,,0.0,0.0,0.0,0,(),0.0,0.0
17580,,0.0,0.0,0.0,0,(),0.0,0.0
17585,,0.0,0.0,0.0,0,(),0.0,0.0
17590,,0.0,0.0,0.0,0,(),0.0,0.0
17595,,0.0,0.0,0.0,0,(),0.0,0.0
17600,,0.0,0.0,0.0,0,(),0.0,0.0
17605,,0.0,0.0,0.0,0,(),0.0,0.0
17610,,0.0,0.0,0.0,0,(),0.0,0.0
17615,,0.0,0.0,0.0,0,(),0.0,0.0
17620,,0.0,0.0,0.0,0,(),0.0,0.0
17625,,0.0,0.0,0.0,0,(),0.0,0.0
17630,,0.0,0.0,0.0,0,(),0.0,0.0
17635,,0.0,0.0,0.0,0,(),0.0,0.0
17640,,0.0,0.0,0.0,0,(),0.0,0.0
17645,,0.0,0.0,0.0,0,(),0.0,0.0
17650,,0.0,0.0,0.0,0,(),0.0,0.0
17655,,0.0,0.0,0.0,0,(),0.0,0.0
17660,,0.0,0.0,0.0,0,(),0.0,0.0
17665,,0.0,0.0,0.0,0,(),0.0,0.0
17670,,0.0,0.0,0.0,0,(),0.0,0.0
17675,,0.0,0.0,0.0,0,(),0.0,0.0
17680,,0.0,0.0,0.0,0,(),0.0,0.0
17685,,0.0,0.0,0.0,0,(),0.0,0.0
17690,,0.0,0.0,0.0,0,(),0.0,0.0
17695,,0.0,0.0,0.0,0,(),0.0,0.0
17700,,0.0,0.0,0.0,0,(),0.0,0.0
17705,,0.0,0.0,0.0,0,(),0.0,0.0
17710,,0.0,0.0,0.0,0,(),0.0,0.0
17715,,0.0,0.0,0.0,0,(),0.0,0.0
17720,,0.0,0.0,0.0,0,(),0.0,0.0
17725,,0.0,0.0,0.0,0,(),0.0,0.0
17730,,0.0,0.0,0.0,0,(),0.0,0.0
17735,,0.0,0.0,0.0,0,(),0.0,0.0
17740,,0.0,0.0,0.0,0,(),0.0,0.0
17745,,0.0,0.0,0.0,0,(),0.0,0.0
17750,,0.0,0.0,0.0,0,(),0.0,0.0
17755,,0.0,0.0,0.0,0,(),0.0,0.0
17760,,0.0,0.0,0.0,0,(),0.0,0.0
17765,,0.0,0.0,0.0,0,(),0.0,0.0
17770,,0.0,0.0,0.0,0,(),0.0,0.0
17775,,0.0,0.0,0.0,0,(),0.0,0.0
17780,,0.0,0.0,0.0,0,(),0.0,0.0
17785,,0.0,0.0,0.0,0,(),0.0,0.0
17790,,0.0,0.0,0.0,0,(),0.0,0.0
17795,,0.0,0.0,0.0,0,(),0.0,0.0
17800,,0.0,0.0,0.0,0,(),0.0,0.0
17805,,0.0,0.0,0.0,0,(),0.0,0.0
17810,,0.0,0.0,0.0,0,(),0.0,0.0
17815,,0.0,0.0,0.0,0,(),0.0,0.0
17820,,0.0,0.0,0.0,0,(),0.0,0.0
17825,,0.0,0.0,0.0,0,(),0.0,0.0
17830,,0.0,0.0,0.0,0,(),0.0,0.0
17835,,0.0,0.0,0.0,0,(),0.0,0.0
17840,,0.0,0.0,0.0,0,(),0.0,0.0
17845,,0.0,0.0,0.0,0,(),0.0,0.0
17850,,0.0,0.0,0.0,0,(),0.0,0.0
17855,,0.0,0.0,0.0,0,(),0.0,0.0
17860,,0.0,0.0,0.0,0,(),0.0,0.0
17865,,0.0,0.0,0.0,0,(),0.0,0.0
17870,,0.0,0.0,0.0,0,(),0.0,0.0
17875,,0.0,0.0,0.0,0,(),0.0,0.0
17880,,0.0,0.0,0.0,0,(),0.0,0.0
17885,,0.0,0.0,0.0,0,(),0.0,0.0
17890,,0.0,0.0,0.0,0,(),0.0,0.0
17895,,0.0,0.0,0.0,0,(),0.0,0.0
17900,,0.0,0.0,0.0,0,(),0.0,0.0
17905,,0.0,0.0,0.0,0,(),0.0,0.0
17910,,0.0,0.0,0.0,0,(),0.0,0.0
17915,,0.0,0.0,0.0,0,(),0.0,0.0
17920,,0.0,0.0,0.0,0,(),0.0,0.0
17925,,0.0,0.0,0.0,0,(),0.0,0.0
17930,,0.0,0.0,0.0,0,(),0.0,0.0
17935,,0.0,0.0,0.0,0,(),0.0,0.0
17940,,0.0,0.0,0.0,0,(),0.0,0.0
17945,,0.0,0.0,0.0,0,(),0.0,0.0
17950,,0.0,0.0,0.0,0,(),0.0,0.0
17955,,0.0,0.0,0.0,0,(),0.0,0.0
17960,,0.0,0.0,0.0,0,(),0.0,0.0
17965,,0.0,0.0,0.0,0,(),0.0,0.0
17970,,0.0,0.0,0.0,0,(),0.0,0.0
17975,,0.0,0.0,0.0,0,(),0.0,0.0
17980,,0.0,0.0,0.0,0,(),0.0,0.0
17985,,0.0,0.0,0.0,0,(),0.0,0.0
17990,,0.0,0.0,0.0,0,(),0.0,0.0
17995,,0.0,0.0,0.0,0,(),0.0,0.0
18000,,0.0,0.0,0.0,0,(),0.0,0.0
18005,,0.0,0.0,0.0,0,(),0.0,0.0
18010,,0.0,0.0,0.0,0,(),0.0,0.0
18015,,0.0,0.0,0.0,0,(),0.0,0.0
18020,,0.0,0.0,0.0,0,(),0.0,0.0
18025,,0.0,0.0,0.0,0,(),0.0,0.0
18030,,0.0,0.0,0.0,0,(),0.0,0.0
18035,,0.0,0.0,0.0,0,(),0.0,0.0
18040,,0.0,0.0,0.0,0,(),0.0,0.0
18045,,0.0,0.0,0.0,0,(),0.0,0.0
18050,,0.0,0.0,0.0,0,(),0.0,0.0
18055,,0.0,0.0,0.0,0,(),0.0,0.0
18060,,0.0,0.0,0.0,0,(),0.0,0.0
18065,,0.0,0.0,0.0,0,(),0.0,0.0
18070,,0.0,0.0,0.0,0,(),0.0,0.0
18075,,0.0,0.0,0.0,0,(),0.0,0.0
18080,,0.0,0.0,0.0,0,(),0.0,0.0
18085,,0.0,0.0,0.0,0,(),0.0,0.0
18090,,0.0,0.0,0.0,0,(),0.0,0.0
18095,,0.0,0.0,0.0,0,(),0.0,0.0
18100,,0.0,0.0,0.0,0,(),0.0,0.0
18105,,0.0,0.0,0.0,0,(),0.0,0.0
18110,,0.0,0.0,0.0,0,(),0.0,0.0
18115,,0.0,0.0,0.0,0,(),0.0,0.0
18120,,0.0,0.0,0.0,0,(),0.0,0.0
18125,,0.0,0.0,0.0,0,(),0.0,0.0
18130,,0.0,0.0,0.0,0,(),0.0,0.0
18135,,0.0,0.0,0.0,0,(),0.0,0.0
18140,,0.0,0.0,0.0,0,(),0.0,0.0
18145,,0.0,0.0,0.0,0,(),0.0,0.0
18150,,0.0,0.0,0.0,0,(),0.0,0.0
18155,,0.0,0.0,0.0,0,(),0.0,0.0
18160,,0.0,0.0,0.0,0,(),0.0,0.0
18165,,0.0,0.0,0.0,0,(),0.0,0.0
18170,,0.0,0.0,0.0,0,(),0.0,0.0
18175,,0.0,0.0,0.0,0,(),0.0,0.0
18180,,0.0,0.0,0.0,0,(),0.0,0.0
18185,,0.0,0.0,0.0,0,(),0.0,0.0
18190,,0.0,0.0,0.0,0,(),0.0,0.0
18195,,0.0,0.0,0.0,0,(),0.0,0.0
18200,,0.0,0.0,0.0,0,(),0.0,0.0
18205,,0.0,0.0,0.0,0,(),0.0,0.0
18210,,0.0,0.0,0.0,0,(),0.0,0.0
18215,,0.0,0.0,0.0,0,(),0.0,0.0
18220,,0.0,0.0,0.0,0,(),0.0,0.0
18225,,0.0,0.0,0.0,0,(),0.0,0.0
18230,,0.0,0.0,0.0,0,(),0.0,0.0
18235,,0.0,0.0,0.0,0,(),0.0,0.0
18240,,0.0,0.0,0.0,0,(),0.0,0.0
18245,,0.0,0.0,0.0,0,(),0.0,0.0
18250,,0.0,0.0,0.0,0,(),0.0,0.0
18255,,0.0,0.0,0.0,0,(),0.0,0.0
18260,,0.0,0.0,0.0,0,(),0.0,0.0
18265,,0.0,0.0,0.0,0,(),0.0,0.0
18270,,0.0,0.0,0.0,0,(),0.0,0.0
18275,,0.0,0.0,0.0,0,(),0.0,0.0
18280,,0.0,0.0,0.0,0,(),0.0,0.0
18285,,0.0,0.0,0.0,0,(),0.0,0.0
18290,,0.0,0.0,0.0,0,(),0.0,0.0
18295,,0.0,0.0,0.0,0,(),0.0,0.0
18300,,0.0,0.0,0.0,0,(),0.0,0.0
18305,,0.0,0.0,0.0,0,(),0.0,0.0
18310,,0.0,0.0,0.0,0,(),0.0,0.0
18315,,0.0,0.0,0.0,0,(),0.0,0.0
18320,,0.0,0.0,0.0,0,(),0.0,0.0
18325,,0.0,0.0,0.0,0,(),0.0,0.0
18330,,0.0,0.0,0.0,0,(),0.0,0.0
18335,,0.0,0.0,0.0,0,(),0.0,0.0
18340,,0.0,0.0,0.0,0,(),0.0,0.0
18345,,0.0,0.0,0.0,0,(),0.0,0.0
18350,,0.0,0.0,0.0,0,(),0.0,0.0
18355,,0.0,0.0,0.0,0,(),0.0,0.0
18360,,0.0,0.0,0.0,0,(),0.0,0.0
18365,,0.0,0.0,0.0,0,(),0.0,0.0
18370,,0.0,0.0,0.0,0,(),0.0,0.0
18375,,0.0,0.0,0.0,0,(),0.0,0.0
18380,,0.0,0.0,0.0,0,(),0.0,0.0
18385,,0.0,0.0,0.0,0,(),0.0,0.0
18390,,0.0,0.0,0.0,0,(),0.0,0.0
18395,,0.0,0.0,0.0,0,(),0.0,0.0
18400,,0.0,0.0,0.0,0,(),0.0,0.0
18405,,0.0,0.0,0.0,0,(),0.0,0.0
18410,,0.0,0.0,0.0,0,(),0.0,0.0
18415,,0.0,0.0,0.0,0,(),0.0,0.0
18420,,0.0,0.0,0.0,0,(),0.0,0.0
18425,,0.0,0.0,0.0,0,(),0.0,0.0
18430,,0.0,0.0,0.0,0,(),0.0,0.0
18435,,0.0,0.0,0.0,0,(),0.0,0.0
18440,,0.0,0.0,0.0,0,(),0.0,0.0
18445,,0.0,0.0,0.0,0,(),0.0,0.0
18450,,0.0,0.0,0.0,0,(),0.0,0.0
18455,,0.0,0.0,0.0,0,(),0.0,0.0
18460,,0.0,0.0,0.0,0,(),0.0,0.0
18465,,0.0,0.0,0.0,0,(),0.0,0.0
18470,,0.0,0.0,0.0,0,(),0.0,0.0
18475,,0.0,0.0,0.0,0,(),0.0,0.0
18480,,0.0,0.0,0.0,0,(),0.0,0.0
18485,,0.0,0.0,0.0,0,(),0.0,0.0
18490,,0.0,0.0,0.0,0,(),0.0,0.0
18495,,0.0,0.0,0.0,0,(),0.0,0.0
18500,,0.0,0.0,0.0,0,(),0.0,0.0
18505,,0.0,0.0,0.0,0,(),0.0,0.0
18510,,0.0,0.0,0.0,0,(),0.0,0.0
18515,,0.0,0.0,0.0,0,(),0.0,0.0
18520,,0.0,0.0,0.0,0,(),0.0,0.0
18525,,0.0,0.0,0.0,0,(),0.0,0.0
18530,,0.0,0.0,0.0,0,(),0.0,0.0
18535,,0.0,0.0,0.0,0,(),0.0,0.0
18540,,0.0,0.0,0.0,0,(),0.0,0.0
18545,,0.0,0.0,0.0,0,(),0.0,0.0
18550,,0.0,0.0,0.0,0,(),0.0,0.0
18555,,0.0,0.0,0.0,0,(),0.0,0.0
18560,,0.0,0.0,0.0,0,(),0.0,0.0
18565,,0.0,0.0,0.0,0,(),0.0,0.0
18570,,0.0,0.0,0.0,0,(),0.0,0.0
18575,,0.0,0.0,0.0,0,(),0.0,0.0
18580,,0.0,0.0,0.0,0,(),0.0,0.0
18585,,0.0,0.0,0.0,0,(),0.0,0.0
18590,,0.0,0.0,0.0,0,(),0.0,0.0
18595,,0.0,0.0,0.0,0,(),0.0,0.0
18600,,0.0,0.0,0.0,0,(),0.0,0.0
18605,,0.0,0.0,0.0,0,(),0.0,0.0
18610,,0.0,0.0,0.0,0,(),0.0,0.0
18615,,0.0,0.0,0.0,0,(),0.0,0.0
18620,,0.0,0.0,0.0,0,(),0.0,0.0
18625,,0.0,0.0,0.0,0,(),0.0,0.0
18630,,0.0,0.0,0.0,0,(),0.0,0.0
18635,,0.0,0.0,0.0,0,(),0.0,0.0
18640,,0.0,0.0,0.0,0,(),0.0,0.0
18645,,0.0,0.0,0.0,0,(),0.0,0.0
18650,,0.0,0.0,0.0,0,(),0.0,0.0
18655,,0.0,0.0,0.0,0,(),0.0,0.0
18660,,0.0,0.0,0.0,0,(),0.0,0.0
18665,,0.0,0.0,0.0,0,(),0.0,0.0
18670,,0.0,0.0,0.0,0,(),0.0,0.0
18675,,0.0,0.0,0.0,0,(),0.0,0.0
18680,,0.0,0.0,0.0,0,(),0.0,0.0
18685,,0.0,0.0,0.0,0,(),0.0,0.0
18690,,0.0,0.0,0.0,0,(),0.0,0.0
18695,,0.0,0.0,0.0,0,(),0.0,0.0
18700,,0.0,0.0,0.0,0,(),0.0,0.0
18705,,0.0,0.0,0.0,0,(),0.0,0.0
18710,,0.0,0.0,0.0,0,(),0.0,0.0
18715,,0.0,0.0,0.0,0,(),0.0,0.0
18720,,0.0,0.0,0.0,0,(),0.0,0.0
18725,,0.0,0.0,0.0,0,(),0.0,0.0
18730,,0.0,0.0,0.0,0,(),0.0,0.0
18735,,0.0,0.0,0.0,0,(),0.0,0.0
18740,,0.0,0.0,0.0,0,(),0.0,0.0
18745,,0.0,0.0,0.0,0,(),0.0,0.0
18750,,0.0,0.0,0.0,0,(),0.0,0.0
18755,,0.0,0.0,0.0,0,(),0.0,0.0
18760,,0.0,0.0,0.0,0,(),0.0,0.0
18765,,0.0,0.0,0.0,0,(),0.0,0.0
18770,,0.0,0.0,0.0,0,(),0.0,0.0
18775,,0.0,0.0,0.0,0,(),0.0,0.0
18780,,0.0,0.0,0.0,0,(),0.0,0.0
18785,,0.0,0.0,0.0,0,(),0.0,0.0
18790,,0.0,0.0,0.0,0,(),0.0,0.0
18795,,0.0,0.0,0.0,0,(),0.0,0.0
18800,,0.0,0.0,0.0,0,(),0.0,0.0
18805,,0.0,0.0,0.0,0,(),0.0,0.0
18810,,0.0,0.0,0.0,0,(),0.0,0.0
18815,,0.0,0.0,0.0,0,(),0.0,0.0
18820,,0.0,0.0,0.0,0,(),0.0,0.0
18825,,0.0,0.0,0.0,0,(),0.0,0.0
18830,,0.0,0.0,0.0,0,(),0.0,0.0
18835,,0.0,0.0,0.0,0,(),0.0,0.0
18840,,0.0,0.0,0.0,0,(),0.0,0.0
18845,,0.0,0.0,0.0,0,(),0.0,0.0
18850,,0.0,0.0,0.0,0,(),0.0,0.0
18855,,0.0,0.0,0.0,0,(),0.0,0.0
18860,,0.0,0.0,0.0,0,(),0.0,0.0
18865,,0.0,0.0,0.0,0,(),0.0,0.0
18870,,0.0,0.0,0.0,0,(),0.0,0.0
18875,,0.0,0.0,0.0,0,(),0.0,0.0
18880,,0.0,0.0,0.0,0,(),0.0,0.0
18885,,0.0,0.0,0.0,0,(),0.0,0.0
18890,,0.0,0.0,0.0,0,(),0.0,0.0
18895,,0.0,0.0,0.0,0,(),0.0,0.0
18900,,0.0,0.0,0.0,0,(),0.0,0.0
18905,,0.0,0.0,0.0,0,(),0.0,0.0
18910,,0.0,0.0,0.0,0,(),0.0,0.0
18915,,0.0,0.0,0.0,0,(),0.0,0.0
18920,,0.0,0.0,0.0,0,(),0.0,0.0
18925,,0.0,0.0,0.0,0,(),0.0,0.0
18930,,0.0,0.0,0.0,0,(),0.0,0.0
18935,,0.0,0.0,0.0,0,(),0.0,0.0
18940,,0.0,0.0,0.0,0,(),0.0,0.0
18945,,0.0,0.0,0.0,0,(),0.0,0.0
18950,,0.0,0.0,0.0,0,(),0.0,0.0
18955,,0.0,0.0,0.0,0,(),0.0,0.0
18960,,0.0,0.0,0.0,0,(),0.0,0.0
18965,,0.0,0.0,0.0,0,(),0.0,0.0
18970,,0.0,0.0,0.0,0,(),0.0,0.0
18975,,0.0,0.0,0.0,0,(),0.0,0.0
18980,,0.0,0.0,0.0,0,(),0.0,0.0
18985,,0.0,0.0,0.0,0,(),0.0,0.0
18990,,0.0,0.0,0.0,0,(),0.0,0.0
18995,,0.0,0.0,0.0,0,(),0.0,0.0
19000,,0.0,0.0,0.0,0,(),0.0,0.0
19005,,0.0,0.0,0.0,0,(),0.0,0.0
19010,,0.0,0.0,0.0,0,(),0.0,0.0
19015,,0.0,0.0,0.0,0,(),0.0,0.0
19020,,0.0,0.0,0.0,0,(),0.0,0.0
19025,,0.0,0.0,0.0,0,(),0.0,0.0
19030,,0.0,0.0,0.0,0,(),0.0,0.0
19035,,0.0,0.0,0.0,0,(),0.0,0.0
19040,,0.0,0.0,0.0,0,(),0.0,0.0
19045,,0.0,0.0,0.0,0,(),0.0,0.0
19050,,0.0,0.0,0.0,0,(),0.0,0.0
19055,,0.0,0.0,0.0,0,(),0.0,0.0
19060,,0.0,0.0,0.0,0,(),0.0,0.0
19065,,0.0,0.0,0.0,0,(),0.0,0.0
19070,,0.0,0.0,0.0,0,(),0.0,0.0
19075,,0.0,0.0,0.0,0,(),0.0,0.0
19080,,0.0,0.0,0.0,0,(),0.0,0.0
19085,,0.0,0.0,0.0,0,(),0.0,0.0
19090,,0.0,0.0,0.0,0,(),0.0,0.0
19095,,0.0,0.0,0.0,0,(),0.0,0.0
19100,,0.0,0.0,0.0,0,(),0.0,0.0
19105,,0.0,0.0,0.0,0,(),0.0,0.0
19110,,0.0,0.0,0.0,0,(),0.0,0.0
19115,,0.0,0.0,0.0,0,(),0.0,0.0
19120,,0.0,0.0,0.0,0,(),0.0,0.0
19125,,0.0,0.0,0.0,0,(),0.0,0.0
19130,,0.0,0.0,0.0,0,(),0.0,0.0
19135,,0.0,0.0,0.0,0,(),0.0,0.0
19140,,0.0,0.0,0.0,0,(),0.0,0.0
19145,,0.0,0.0,0.0,0,(),0.0,0.0
19150,,0.0,0.0,0.0,0,(),0.0,0.0
19155,,0.0,0.0,0.0,0,(),0.0,0.0
19160,,0.0,0.0,0.0,0,(),0.0,0.0
19165,,0.0,0.0,0.0,0,(),0.0,0.0
19170,,0.0,0.0,0.0,0,(),0.0,0.0
19175,,0.0,0.0,0.0,0,(),0.0,0.0
19180,,0.0,0.0,0.0,0,(),0.0,0.0
19185,,0.0,0.0,0.0,0,(),0.0,0.0
19190,,0.0,0.0,0.0,0,(),0.0,0.0
19195,,0.0,0.0,0.0,0,(),0.0,0.0
19200,,0.0,0.0,0.0,0,(),0.0,0.0
19205,,0.0,0.0,0.0,0,(),0.0,0.0
19210,,0.0,0.0,0.0,0,(),0.0,0.0
19215,,0.0,0.0,0.0,0,(),0.0,0.0
19220,,0.0,0.0,0.0,0,(),0.0,0.0
19225,,0.0,0.0,0.0,0,(),0.0,0.0
19230,,0.0,0.0,0.0,0,(),0.0,0.0
19235,,0.0,0.0,0.0,0,(),0.0,0.0
19240,,0.0,0.0,0.0,0,(),0.0,0.0
19245,,0.0,0.0,0.0,0,(),0.0,0.0
19250,,0.0,0.0,0.0,0,(),0.0,0.0
19255,,0.0,0.0,0.0,0,(),0.0,0.0
19260,,0.0,0.0,0.0,0,(),0.0,0.0
19265,,0.0,0.0,0.0,0,(),0.0,0.0
19270,,0.0,0.0,0.0,0,(),0.0,0.0
19275,,0.0,0.0,0.0,0,(),0.0,0.0
19280,,0.0,0.0,0.0,0,(),0.0,0.0
19285,,0.0,0.0,0.0,0,(),0.0,0.0
19290,,0.0,0.0,0.0,0,(),0.0,0.0
19295,,0.0,0.0,0.0,0,(),0.0,0.0
19300,,0.0,0.0,0.0,0,(),0.0,0.0
19305,,0.0,0.0,0.0,0,(),0.0,0.0
19310,,0.0,0.0,0.0,0,(),0.0,0.0
19315,,0.0,0.0,0.0,0,(),0.0,0.0
19320,,0.0,0.0,0.0,0,(),0.0,0.0
19325,,0.0,0.0,0.0,0,(),0.0,0.0
19330,,0.0,0.0,0.0,0,(),0.0,0.0
19335,,0.0,0.0,0.0,0,(),0.0,0.0
19340,,0.0,0.0,0.0,0,(),0.0,0.0
19345,,0.0,0.0,0.0,0,(),0.0,0.0
19350,,0.0,0.0,0.0,0,(),0.0,0.0
19355,,0.0,0.0,0.0,0,(),0.0,0.0
19360,,0.0,0.0,0.0,0,(),0.0,0.0
19365,,0.0,0.0,0.0,0,(),0.0,0.0
19370,,0.0,0.0,0.0,0,(),0.0,0.0
19375,,0.0,0.0,0.0,0,(),0.0,0.0
19380,,0.0,0.0,0.0,0,(),0.0,0.0
19385,,0.0,0.0,0.0,0,(),0.0,0.0
19390,,0.0,0.0,0.0,0,(),0.0,0.0
19395,,0.0,0.0,0.0,0,(),0.0,0.0
19400,,0.0,0.0,0.0,0,(),0.0,0.0
19405,,0.0,0.0,0.0,0,(),0.0,0.0
19410,,0.0,0.0,0.0,0,(),0.0,0.0
19415,,0.0,0.0,0.0,0,(),0.0,0.0
19420,,0.0,0.0,0.0,0,(),0.0,0.0
19425,,0.0,0.0,0.0,0,(),0.0,0.0
19430,,0.0,0.0,0.0,0,(),0.0,0.0
19435,,0.0,0.0,0.0,0,(),0.0,0.0
19440,,0.0,0.0,0.0,0,(),0.0,0.0
19445,,0.0,0.0,0.0,0,(),0.0,0.0
19450,,0.0,0.0,0.0,0,(),0.0,0.0
19455,,0.0,0.0,0.0,0,(),0.0,0.0
19460,,0.0,0.0,0.0,0,(),0.0,0.0
19465,,0.0,0.0,0.0,0,(),0.0,0.0
19470,,0.0,0.0,0.0,0,(),0.0,0.0
19475,,0.0,0.0,0.0,0,(),0.0,0.0
19480,,0.0,0.0,0.0,0,(),0.0,0.0
19485,,0.0,0.0,0.0,0,(),0.0,0.0
19490,,0.0,0.0,0.0,0,(),0.0,0.0
19495,,0.0,0.0,0.0,0,(),0.0,0.0
19500,,0.0,0.0,0.0,0,(),0.0,0.0
19505,,0.0,0.0,0.0,0,(),0.0,0.0
19510,,0.0,0.0,0.0,0,(),0.0,0.0
19515,,0.0,0.0,0.0,0,(),0.0,0.0
19520,,0.0,0.0,0.0,0,(),0.0,0.0
19525,,0.0,0.0,0.0,0,(),0.0,0.0
19530,,0.0,0.0,0.0,0,(),0.0,0.0
19535,,0.0,0.0,0.0,0,(),0.0,0.0
19540,,0.0,0.0,0.0,0,(),0.0,0.0
19545,,0.0,0.0,0.0,0,(),0.0,0.0
19550,,0.0,0.0,0.0,0,(),0.0,0.0
19555,,0.0,0.0,0.0,0,(),0.0,0.0
19560,,0.0,0.0,0.0,0,(),0.0,0.0
19565,,0.0,0.0,0.0,0,(),0.0,0.0
19570,,0.0,0.0,0.0,0,(),0.0,0.0
19575,,0.0,0.0,0.0,0,(),0.0,0.0
19580,,0.0,0.0,0.0,0,(),0.0,0.0
19585,,0.0,0.0,0.0,0,(),0.0,0.0
19590,,0.0,0.0,0.0,0,(),0.0,0.0
19595,,0.0,0.0,0.0,0,(),0.0,0.0
19600,,0.0,0.0,0.0,0,(),0.0,0.0
19605,,0.0,0.0,0.0,0,(),0.0,0.0
19610,,0.0,0.0,0.0,0,(),0.0,0.0
19615,,0.0,0.0,0.0,0,(),0.0,0.0
19620,,0.0,0.0,0.0,0,(),0.0,0.0
19625,,0.0,0.0,0.0,0,(),0.0,0.0
19630,,0.0,0.0,0.0,0,(),0.0,0.0
19635,,0.0,0.0,0.0,0,(),0.0,0.0
19640,,0.0,0.0,0.0,0,(),0.0,0.0
19645,,0.0,0.0,0.0,0,(),0.0,0.0
19650,,0.0,0.0,0.0,0,(),0.0,0.0
19655,,0.0,0.0,0.0,0,(),0.0,0.0
19660,,0.0,0.0,0.0,0,(),0.0,0.0
19665,,0.0,0.0,0.0,0,(),0.0,0.0
19670,,0.0,0.0,0.0,0,(),0.0,0.0
19675,,0.0,0.0,0.0,0,(),0.0,0.0
19680,,0.0,0.0,0.0,0,(),0.0,0.0
19685,,0.0,0.0,0.0,0,(),0.0,0.0
19690,,0.0,0.0,0.0,0,(),0.0,0.0
19695,,0.0,0.0,0.0,0,(),0.0,0.0
19700,,0.0,0.0,0.0,0,(),0.0,0.0
19705,,0.0,0.0,0.0,0,(),0.0,0.0
19710,,0.0,0.0,0.0,0,(),0.0,0.0
19715,,0.0,0.0,0.0,0,(),0.0,0.0
19720,,0.0,0.0,0.0,0,(),0.0,0.0
19725,,0.0,0.0,0.0,0,(),0.0,0.0
19730,,0.0,0.0,0.0,0,(),0.0,0.0
19735,,0.0,0.0,0.0,0,(),0.0,0.0
19740,,0.0,0.0,0.0,0,(),0.0,0.0
19745,,0.0,0.0,0.0,0,(),0.0,0.0
19750,,0.0,0.0,0.0,0,(),0.0,0.0
19755,,0.0,0.0,0.0,0,(),0.0,0.0
19760,,0.0,0.0,0.0,0,(),0.0,0.0
19765,,0.0,0.0,0.0,0,(),0.0,0.0
19770,,0.0,0.0,0.0,0,(),0.0,0.0
19775,,0.0,0.0,0.0,0,(),0.0,0.0
19780,,0.0,0.0,0.0,0,(),0.0,0.0
19785,,0.0,0.0,0.0,0,(),0.0,0.0
19790,,0.0,0.0,0.0,0,(),0.0,0.0
19795,,0.0,0.0,0.0,0,(),0.0,0.0
19800,,0.0,0.0,0.0,0,(),0.0,0.0
19805,,0.0,0.0,0.0,0,(),0.0,0.0
19810,,0.0,0.0,0.0,0,(),0.0,0.0
19815,,0.0,0.0,0.0,0,(),0.0,0.0
19820,,0.0,0.0,0.0,0,(),0.0,0.0
19825,,0.0,0.0,0.0,0,(),0.0,0.0
19830,,0.0,0.0,0.0,0,(),0.0,0.0
19835,,0.0,0.0,0.0,0,(),0.0,0.0
19840,,0.0,0.0,0.0,0,(),0.0,0.0
19845,,0.0,0.0,0.0,0,(),0.0,0.0
19850,,0.0,0.0,0.0,0,(),0.0,0.0
19855,,0.0,0.0,0.0,0,(),0.0,0.0
19860,,0.0,0.0,0.0,0,(),0.0,0.0
19865,,0.0,0.0,0.0,0,(),0.0,0.0
19870,,0.0,0.0,0.0,0,(),0.0,0.0
19875,,0.0,0.0,0.0,0,(),0.0,0.0
19880,,0.0,0.0,0.0,0,(),0.0,0.0
19885,,0.0,0.0,0.0,0,(),0.0,0.0
19890,,0.0,0.0,0.0,0,(),0.0,0.0
19895,,0.0,0.0,0.0,0,(),0.0,0.0
19900,,0.0,0.0,0.0,0,(),0.0,0.0
19905,,0.0,0.0,0.0,0,(),0.0,0.0
19910,,0.0,0.0,0.0,0,(),0.0,0.0
19915,,0.0,0.0,0.0,0,(),0.0,0.0
19920,,0.0,0.0,0.0,0,(),0.0,0.0
19925,,0.0,0.0,0.0,0,(),0.0,0.0
19930,,0.0,0.0,0.0,0,(),0.0,0.0
19935,,0.0,0.0,0.0,0,(),0.0,0.0
19940,,0.0,0.0,0.0,0,(),0.0,0.0
19945,,0.0,0.0,0.0,0,(),0.0,0.0
19950,,0.0,0.0,0.0,0,(),0.0,0.0
19955,,0.0,0.0,0.0,0,(),0.0,0.0
19960,,0.0,0.0,0.0,0,(),0.0,0.0
19965,,0.0,0.0,0.0,0,(),0.0,0.0
19970,,0.0,0.0,0.0,0,(),0.0,0.0
19975,,0.0,0.0,0.0,0,(),0.0,0.0
19980,,0.0,0.0,0.0,0,(),0.0,0.0
19985,,0.0,0.0,0.0,0,(),0.0,0.0
19990,,0.0,0.0,0.0,0,(),0.0,0.0
19995,,0.0,0.0,0.0,0,(),0.0,0.0
20000,,0.0,0.0,0.0,0,(),0.0,0.0
20005,,0.0,0.0,0.0,0,(),0.0,0.0
20010,,0.0,0.0,0.0,0,(),0.0,0.0
20015,,0.0,0.0,0.0,0,(),0.0,0.0
20020,,0.0,0.0,0.0,0,(),0.0,0.0
20025,,0.0,0.0,0.0,0,(),0.0,0.0
20030,,0.0,0.0,0.0,0,(),0.0,0.0
20035,,0.0,0.0,0.0,0,(),0.0,0.0
20040,,0.0,0.0,0.0,0,(),0.0,0.0
20045,,0.0,0.0,0.0,0,(),0.0,0.0
20050,,0.0,0.0,0.0,0,(),0.0,0.0
20055,,0.0,0.0,0.0,0,(),0.0,0.0
20060,,0.0,0.0,0.0,0,(),0.0,0.0
20065,,0.0,0.0,0.0,0,(),0.0,0.0
20070,,0.0,0.0,0.0,0,(),0.0,0.0
20075,,0.0,0.0,0.0,0,(),0.0,0.0
20080,,0.0,0.0,0.0,0,(),0.0,0.0
20085,,0.0,0.0,0.0,0,(),0.0,0.0
20090,,0.0,0.0,0.0,0,(),0.0,0.0
20095,,0.0,0.0,0.0,0,(),0.0,0.0
20100,,0.0,0.0,0.0,0,(),0.0,0.0
20105,,0.0,0.0,0.0,0,(),0.0,0.0
20110,,0.0,0.0,0.0,0,(),0.0,0.0
20115,,0.0,0.0,0.0,0,(),0.0,0.0
20120,,0.0,0.0,0.0,0,(),0.0,0.0
20125,,0.0,0.0,0.0,0,(),0.0,0.0
20130,,0.0,0.0,0.0,0,(),0.0,0.0
20135,,0.0,0.0,0.0,0,(),0.0,0.0
20140,,0.0,0.0,0.0,0,(),0.0,0.0
20145,,0.0,0.0,0.0,0,(),0.0,0.0
20150,,0.0,0.0,0.0,0,(),0.0,0.0
20155,,0.0,0.0,0.0,0,(),0.0,0.0
20160,,0.0,0.0,0.0,0,(),0.0,0.0
20165,,0.0,0.0,0.0,0,(),0.0,0.0
20170,,0.0,0.0,0.0,0,(),0.0,0.0
20175,,0.0,0.0,0.0,0,(),0.0,0.0
20180,,0.0,0.0,0.0,0,(),0.0,0.0
20185,,0.0,0.0,0.0,0,(),0.0,0.0
20190,,0.0,0.0,0.0,0,(),0.0,0.0
20195,,0.0,0.0,0.0,0,(),0.0,0.0
20200,,0.0,0.0,0.0,0,(),0.0,0.0
20205,,0.0,0.0,0.0,0,(),0.0,0.0
20210,,0.0,0.0,0.0,0,(),0.0,0.0
20215,,0.0,0.0,0.0,0,(),0.0,0.0
20220,,0.0,0.0,0.0,0,(),0.0,0.0
20225,,0.0,0.0,0.0,0,(),0.0,0.0
20230,,0.0,0.0,0.0,0,(),0.0,0.0
20235,,0.0,0.0,0.0,0,(),0.0,0.0
20240,,0.0,0.0,0.0,0,(),0.0,0.0
20245,,0.0,0.0,0.0,0,(),0.0,0.0
20250,,0.0,0.0,0.0,0,(),0.0,0.0
20255,,0.0,0.0,0.0,0,(),0.0,0.0
20260,,0.0,0.0,0.0,0,(),0.0,0.0
20265,,0.0,0.0,0.0,0,(),0.0,0.0
20270,,0.0,0.0,0.0,0,(),0.0,0.0
20275,,0.0,0.0,0.0,0,(),0.0,0.0
20280,,0.0,0.0,0.0,0,(),0.0,0.0
20285,,0.0,0.0,0.0,0,(),0.0,0.0
20290,,0.0,0.0,0.0,0,(),0.0,0.0
20295,,0.0,0.0,0.0,0,(),0.0,0.0
20300,,0.0,0.0,0.0,0,(),0.0,0.0
20305,,0.0,0.0,0.0,0,(),0.0,0.0
20310,,0.0,0.0,0.0,0,(),0.0,0.0
20315,,0.0,0.0,0.0,0,(),0.0,0.0
20320,,0.0,0.0,0.0,0,(),0.0,0.0
20325,,0.0,0.0,0.0,0,(),0.0,0.0
20330,,0.0,0.0,0.0,0,(),0.0,0.0
20335,,0.0,0.0,0.0,0,(),0.0,0.0
20340,,0.0,0.0,0.0,0,(),0.0,0.0
20345,,0.0,0.0,0.0,0,(),0.0,0.0
20350,,0.0,0.0,0.0,0,(),0.0,0.0
20355,,0.0,0.0,0.0,0,(),0.0,0.0
20360,,0.0,0.0,0.0,0,(),0.0,0.0
20365,,0.0,0.0,0.0,0,(),0.0,0.0
20370,,0.0,0.0,0.0,0,(),0.0,0.0
20375,,0.0,0.0,0.0,0,(),0.0,0.0
20380,,0.0,0.0,0.0,0,(),0.0,0.0
20385,,0.0,0.0,0.0,0,(),0.0,0.0
20390,,0.0,0.0,0.0,0,(),0.0,0.0
20395,,0.0,0.0,0.0,0,(),0.0,0.0
20400,,0.0,0.0,0.0,0,(),0.0,0.0
20405,,0.0,0.0,0.0,0,(),0.0,0.0
20410,,0.0,0.0,0.0,0,(),0.0,0.0
20415,,0.0,0.0,0.0,0,(),0.0,0.0
20420,,0.0,0.0,0.0,0,(),0.0,0.0
20425,,0.0,0.0,0.0,0,(),0.0,0.0
20430,,0.0,0.0,0.0,0,(),0.0,0.0
20435,,0.0,0.0,0.0,0,(),0.0,0.0
20440,,0.0,0.0,0.0,0,(),0.0,0.0
20445,,0.0,0.0,0.0,0,(),0.0,0.0
20450,,0.0,0.0,0.0,0,(),0.0,0.0
20455,,0.0,0.0,0.0,0,(),0.0,0.0
20460,,0.0,0.0,0.0,0,(),0.0,0.0
20465,,0.0,0.0,0.0,0,(),0.0,0.0
20470,,0.0,0.0,0.0,0,(),0.0,0.0
20475,,0.0,0.0,0.0,0,(),0.0,0.0
20480,,0.0,0.0,0.0,0,(),0.0,0.0
20485,,0.0,0.0,0.0,0,(),0.0,0.0
20490,,0.0,0.0,0.0,0,(),0.0,0.0
20495,,0.0,0.0,0.0,0,(),0.0,0.0
20500,,0.0,0.0,0.0,0,(),0.0,0.0
20505,,0.0,0.0,0.0,0,(),0.0,0.0
20510,,0.0,0.0,0.0,0,(),0.0,0.0
20515,,0.0,0.0,0.0,0,(),0.0,0.0
20520,,0.0,0.0,0.0,0,(),0.0,0.0
20525,,0.0,0.0,0.0,0,(),0.0,0.0
20530,,0.0,0.0,0.0,0,(),0.0,0.0
20535,,0.0,0.0,0.0,0,(),0.0,0.0
20540,,0.0,0.0,0.0,0,(),0.0,0.0
20545,,0.0,0.0,0.0,0,(),0.0,0.0
20550,,0.0,0.0,0.0,0,(),0.0,0.0
20555,,0.0,0.0,0.0,0,(),0.0,0.0
20560,,0.0,0.0,0.0,0,(),0.0,0.0
20565,,0.0,0.0,0.0,0,(),0.0,0.0
20570,,0.0,0.0,0.0,0,(),0.0,0.0
20575,,0.0,0.0,0.0,0,(),0.0,0.0
20580,,0.0,0.0,0.0,0,(),0.0,0.0
20585,,0.0,0.0,0.0,0,(),0.0,0.0
20590,,0.0,0.0,0.0,0,(),0.0,0.0
20595,,0.0,0.0,0.0,0,(),0.0,0.0
20600,,0.0,0.0,0.0,0,(),0.0,0.0
20605,,0.0,0.0,0.0,0,(),0.0,0.0
20610,,0.0,0.0,0.0,0,(),0.0,0.0
20615,,0.0,0.0,0.0,0,(),0.0,0.0
20620,,0.0,0.0,0.0,0,(),0.0,0.0
20625,,0.0,0.0,0.0,0,(),0.0,0.0
20630,,0.0,0.0,0.0,0,(),0.0,0.0
20635,,0.0,0.0,0.0,0,(),0.0,0.0
20640,,0.0,0.0,0.0,0,(),0.0,0.0
20645,,0.0,0.0,0.0,0,(),0.0,0.0
20650,,0.0,0.0,0.0,0,(),0.0,0.0
20655,,0.0,0.0,0.0,0,(),0.0,0.0
20660,,0.0,0.0,0.0,0,(),0.0,0.0
20665,,0.0,0.0,0.0,0,(),0.0,0.0
20670,,0.0,0.0,0.0,0,(),0.0,0.0
20675,,0.0,0.0,0.0,0,(),0.0,0.0
20680,,0.0,0.0,0.0,0,(),0.0,0.0
20685,,0.0,0.0,0.0,0,(),0.0,0.0
20690,,0.0,0.0,0.0,0,(),0.0,0.0
20695,,0.0,0.0,0.0,0,(),0.0,0.0
20700,,0.0,0.0,0.0,0,(),0.0,0.0
20705,,0.0,0.0,0.0,0,(),0.0,0.0
20710,,0.0,0.0,0.0,0,(),0.0,0.0
20715,,0.0,0.0,0.0,0,(),0.0,0.0
20720,,0.0,0.0,0.0,0,(),0.0,0.0
20725,,0.0,0.0,0.0,0,(),0.0,0.0
20730,,0.0,0.0,0.0,0,(),0.0,0.0
20735,,0.0,0.0,0.0,0,(),0.0,0.0
20740,,0.0,0.0,0.0,0,(),0.0,0.0
20745,,0.0,0.0,0.0,0,(),0.0,0.0
20750,,0.0,0.0,0.0,0,(),0.0,0.0
20755,,0.0,0.0,0.0,0,(),0.0,0.0
20760,,0.0,0.0,0.0,0,(),0.0,0.0
20765,,0.0,0.0,0.0,0,(),0.0,0.0
20770,,0.0,0.0,0.0,0,(),0.0,0.0
20775,,0.0,0.0,0.0,0,(),0.0,0.0
20780,,0.0,0.0,0.0,0,(),0.0,0.0
20785,,0.0,0.0,0.0,0,(),0.0,0.0
20790,,0.0,0.0,0.0,0,(),0.0,0.0
20795,,0.0,0.0,0.0,0,(),0.0,0.0
20800,,0.0,0.0,0.0,0,(),0.0,0.0
20805,,0.0,0.0,0.0,0,(),0.0,0.0
20810,,0.0,0.0,0.0,0,(),0.0,0.0
20815,,0.0,0.0,0.0,0,(),0.0,0.0
20820,,0.0,0.0,0.0,0,(),0.0,0.0
20825,,0.0,0.0,0.0,0,(),0.0,0.0
20830,,0.0,0.0,0.0,0,(),0.0,0.0
20835,,0.0,0.0,0.0,0,(),0.0,0.0
20840,,0.0,0.0,0.0,0,(),0.0,0.0
20845,,0.0,0.0,0.0,0,(),0.0,0.0
20850,,0.0,0.0,0.0,0,(),0.0,0.0
20855,,0.0,0.0,0.0,0,(),0.0,0.0
20860,,0.0,0.0,0.0,0,(),0.0,0.0
20865,,0.0,0.0,0.0,0,(),0.0,0.0
20870,,0.0,0.0,0.0,0,(),0.0,0.0
20875,,0.0,0.0,0.0,0,(),0.0,0.0
20880,,0.0,0.0,0.0,0,(),0.0,0.0
20885,,0.0,0.0,0.0,0,(),0.0,0.0
20890,,0.0,0.0,0.0,0,(),0.0,0.0
20895,,0.0,0.0,0.0,0,(),0.0,0.0
20900,,0.0,0.0,0.0,0,(),0.0,0.0
20905,,0.0,0.0,0.0,0,(),0.0,0.0
20910,,0.0,0.0,0.0,0,(),0.0,0.0
20915,,0.0,0.0,0.0,0,(),0.0,0.0
20920,,0.0,0.0,0.0,0,(),0.0,0.0
20925,,0.0,0.0,0.0,0,(),0.0,0.0
20930,,0.0,0.0,0.0,0,(),0.0,0.0
20935,,0.0,0.0,0.0,0,(),0.0,0.0
20940,,0.0,0.0,0.0,0,(),0.0,0.0
20945,,0.0,0.0,0.0,0,(),0.0,0.0
20950,,0.0,0.0,0.0,0,(),0.0,0.0
20955,,0.0,0.0,0.0,0,(),0.0,0.0
20960,,0.0,0.0,0.0,0,(),0.0,0.0
20965,,0.0,0.0,0.0,0,(),0.0,0.0
20970,,0.0,0.0,0.0,0,(),0.0,0.0
20975,,0.0,0.0,0.0,0,(),0.0,0.0
20980,,0.0,0.0,0.0,0,(),0.0,0.0
20985,,0.0,0.0,0.0,0,(),0.0,0.0
20990,,0.0,0.0,0.0,0,(),0.0,0.0
20995,,0.0,0.0,0.0,0,(),0.0,0.0
21000,,0.0,0.0,0.0,0,(),0.0,0.0
21005,,0.0,0.0,0.0,0,(),0.0,0.0
21010,,0.0,0.0,0.0,0,(),0.0,0.0
21015,,0.0,0.0,0.0,0,(),0.0,0.0
21020,,0.0,0.0,0.0,0,(),0.0,0.0
21025,,0.0,0.0,0.0,0,(),0.0,0.0
21030,,0.0,0.0,0.0,0,(),0.0,0.0
21035,,0.0,0.0,0.0,0,(),0.0,0.0
21040,,0.0,0.0,0.0,0,(),0.0,0.0
21045,,0.0,0.0,0.0,0,(),0.0,0.0
21050,,0.0,0.0,0.0,0,(),0.0,0.0
21055,,0.0,0.0,0.0,0,(),0.0,0.0
21060,,0.0,0.0,0.0,0,(),0.0,0.0
21065,,0.0,0.0,0.0,0,(),0.0,0.0
21070,,0.0,0.0,0.0,0,(),0.0,0.0
21075,,0.0,0.0,0.0,0,(),0.0,0.0
21080,,0.0,0.0,0.0,0,(),0.0,0.0
21085,,0.0,0.0,0.0,0,(),0.0,0.0
21090,,0.0,0.0,0.0,0,(),0.0,0.0
21095,,0.0,0.0,0.0,0,(),0.0,0.0
21100,,0.0,0.0,0.0,0,(),0.0,0.0
21105,,0.0,0.0,0.0,0,(),0.0,0.0
21110,,0.0,0.0,0.0,0,(),0.0,0.0
21115,,0.0,0.0,0.0,0,(),0.0,0.0
21120,,0.0,0.0,0.0,0,(),0.0,0.0
21125,,0.0,0.0,0.0,0,(),0.0,0.0
21130,,0.0,0.0,0.0,0,(),0.0,0.0
21135,,0.0,0.0,0.0,0,(),0.0,0.0
21140,,0.0,0.0,0.0,0,(),0.0,0.0
21145,,0.0,0.0,0.0,0,(),0.0,0.0
21150,,0.0,0.0,0.0,0,(),0.0,0.0
21155,,0.0,0.0,0.0,0,(),0.0,0.0
21160,,0.0,0.0,0.0,0,(),0.0,0.0
21165,,0.0,0.0,0.0,0,(),0.0,0.0
21170,,0.0,0.0,0.0,0,(),0.0,0.0
21175,,0.0,0.0,0.0,0,(),0.0,0.0
21180,,0.0,0.0,0.0,0,(),0.0,0.0
21185,,0.0,0.0,0.0,0,(),0.0,0.0
21190,,0.0,0.0,0.0,0,(),0.0,0.0
21195,,0.0,0.0,0.0,0,(),0.0,0.0
21200,,0.0,0.0,0.0,0,(),0.0,0.0
21205,,0.0,0.0,0.0,0,(),0.0,0.0
21210,,0.0,0.0,0.0,0,(),0.0,0.0
21215,,0.0,0.0,0.0,0,(),0.0,0.0
21220,,0.0,0.0,0.0,0,(),0.0,0.0
21225,,0.0,0.0,0.0,0,(),0.0,0.0
21230,,0.0,0.0,0.0,0,(),0.0,0.0
21235,,0.0,0.0,0.0,0,(),0.0,0.0
21240,,0.0,0.0,0.0,0,(),0.0,0.0
21245,,0.0,0.0,0.0,0,(),0.0,0.0
21250,,0.0,0.0,0.0,0,(),0.0,0.0
21255,,0.0,0.0,0.0,0,(),0.0,0.0
21260,,0.0,0.0,0.0,0,(),0.0,0.0
21265,,0.0,0.0,0.0,0,(),0.0,0.0
21270,,0.0,0.0,0.0,0,(),0.0,0.0
21275,,0.0,0.0,0.0,0,(),0.0,0.0
21280,,0.0,0.0,0.0,0,(),0.0,0.0
21285,,0.0,0.0,0.0,0,(),0.0,0.0
21290,,0.0,0.0,0.0,0,(),0.0,0.0
21295,,0.0,0.0,0.0,0,(),0.0,0.0
21300,,0.0,0.0,0.0,0,(),0.0,0.0
21305,,0.0,0.0,0.0,0,(),0.0,0.0
21310,,0.0,0.0,0.0,0,(),0.0,0.0
21315,,0.0,0.0,0.0,0,(),0.0,0.0
21320,,0.0,0.0,0.0,0,(),0.0,0.0
21325,,0.0,0.0,0.0,0,(),0.0,0.0
21330,,0.0,0.0,0.0,0,(),0.0,0.0
21335,,0.0,0.0,0.0,0,(),0.0,0.0
21340,,0.0,0.0,0.0,0,(),0.0,0.0
21345,,0.0,0.0,0.0,0,(),0.0,0.0
21350,,0.0,0.0,0.0,0,(),0.0,0.0
21355,,0.0,0.0,0.0,0,(),0.0,0.0
21360,,0.0,0.0,0.0,0,(),0.0,0.0
21365,,0.0,0.0,0.0,0,(),0.0,0.0
21370,,0.0,0.0,0.0,0,(),0.0,0.0
21375,,0.0,0.0,0.0,0,(),0.0,0.0
21380,,0.0,0.0,0.0,0,(),0.0,0.0
21385,,0.0,0.0,0.0,0,(),0.0,0.0
21390,,0.0,0.0,0.0,0,(),0.0,0.0
21395,,0.0,0.0,0.0,0,(),0.0,0.0
21400,,0.0,0.0,0.0,0,(),0.0,0.0
21405,,0.0,0.0,0.0,0,(),0.0,0.0
21410,,0.0,0.0,0.0,0,(),0.0,0.0
21415,,0.0,0.0,0.0,0,(),0.0,0.0
21420,,0.0,0.0,0.0,0,(),0.0,0.0
21425,,0.0,0.0,0.0,0,(),0.0,0.0
21430,,0.0,0.0,0.0,0,(),0.0,0.0
21435,,0.0,0.0,0.0,0,(),0.0,0.0
21440,,0.0,0.0,0.0,0,(),0.0,0.0
21445,,0.0,0.0,0.0,0,(),0.0,0.0
21450,,0.0,0.0,0.0,0,(),0.0,0.0
21455,,0.0,0.0,0.0,0,(),0.0,0.0
21460,,0.0,0.0,0.0,0,(),0.0,0.0
21465,,0.0,0.0,0.0,0,(),0.0,0.0
21470,,0.0,0.0,0.0,0,(),0.0,0.0
21475,,0.0,0.0,0.0,0,(),0.0,0.0
21480,,0.0,0.0,0.0,0,(),0.0,0.0
21485,,0.0,0.0,0.0,0,(),0.0,0.0
21490,,0.0,0.0,0.0,0,(),0.0,0.0
21495,,0.0,0.0,0.0,0,(),0.0,0.0
21500,,0.0,0.0,0.0,0,(),0.0,0.0
21505,,0.0,0.0,0.0,0,(),0.0,0.0
21510,,0.0,0.0,0.0,0,(),0.0,0.0
21515,,0.0,0.0,0.0,0,(),0.0,0.0
21520,,0.0,0.0,0.0,0,(),0.0,0.0
21525,,0.0,0.0,0.0,0,(),0.0,0.0
21530,,0.0,0.0,0.0,0,(),0.0,0.0
21535,,0.0,0.0,0.0,0,(),0.0,0.0
21540,,0.0,0.0,0.0,0,(),0.0,0.0
21545,,0.0,0.0,0.0,0,(),0.0,0.0
21550,,0.0,0.0,0.0,0,(),0.0,0.0
21555,,0.0,0.0,0.0,0,(),0.0,0.0
21560,,0.0,0.0,0.0,0,(),0.0,0.0
21565,,0.0,0.0,0.0,0,(),0.0,0.0
21570,,0.0,0.0,0.0,0,(),0.0,0.0
21575,,0.0,0.0,0.0,0,(),0.0,0.0
21580,,0.0,0.0,0.0,0,(),0.0,0.0
21585,,0.0,0.0,0.0,0,(),0.0,0.0
21590,,0.0,0.0,0.0,0,(),0.0,0.0
21595,,0.0,0.0,0.0,0,(),0.0,0.0
21600,,0.0,0.0,0.0,0,(),0.0,0.0
21605,,0.0,0.0,0.0,0,(),0.0,0.0
21610,,0.0,0.0,0.0,0,(),0.0,0.0
21615,,0.0,0.0,0.0,0,(),0.0,0.0
21620,,0.0,0.0,0.0,0,(),0.0,0.0
21625,,0.0,0.0,0.0,0,(),0.0,0.0
21630,,0.0,0.0,0.0,0,(),0.0,0.0
21635,,0.0,0.0,0.0,0,(),0.0,0.0
21640,,0.0,0.0,0.0,0,(),0.0,0.0
21645,,0.0,0.0,0.0,0,(),0.0,0.0
21650,,0.0,0.0,0.0,0,(),0.0,0.0
21655,,0.0,0.0,0.0,0,(),0.0,0.0
21660,,0.0,0.0,0.0,0,(),0.0,0.0
21665,,0.0,0.0,0.0,0,(),0.0,0.0
21670,,0.0,0.0,0.0,0,(),0.0,0.0
21675,,0.0,0.0,0.0,0,(),0.0,0.0
21680,,0.0,0.0,0.0,0,(),0.0,0.0
21685,,0.0,0.0,0.0,0,(),0.0,0.0
21690,,0.0,0.0,0.0,0,(),0.0,0.0
21695,,0.0,0.0,0.0,0,(),0.0,0.0
21700,,0.0,0.0,0.0,0,(),0.0,0.0
21705,,0.0,0.0,0.0,0,(),0.0,0.0
21710,,0.0,0.0,0.0,0,(),0.0,0.0
21715,,0.0,0.0,0.0,0,(),0.0,0.0
21720,,0.0,0.0,0.0,0,(),0.0,0.0
21725,,0.0,0.0,0.0,0,(),0.0,0.0
21730,,0.0,0.0,0.0,0,(),0.0,0.0
21735,,0.0,0.0,0.0,0,(),0.0,0.0
21740,,0.0,0.0,0.0,0,(),0.0,0.0
21745,,0.0,0.0,0.0,0,(),0.0,0.0
21750,,0.0,0.0,0.0,0,(),0.0,0.0
21755,,0.0,0.0,0.0,0,(),0.0,0.0
21760,,0.0,0.0,0.0,0,(),0.0,0.0
21765,,0.0,0.0,0.0,0,(),0.0,0.0
21770,,0.0,0.0,0.0,0,(),0.0,0.0
21775,,0.0,0.0,0.0,0,(),0.0,0.0
21780,,0.0,0.0,0.0,0,(),0.0,0.0
21785,,0.0,0.0,0.0,0,(),0.0,0.0
21790,,0.0,0.0,0.0,0,(),0.0,0.0
21795,,0.0,0.0,0.0,0,(),0.0,0.0
21800,,0.0,0.0,0.0,0,(),0.0,0.0
21805,,0.0,0.0,0.0,0,(),0.0,0.0
21810,,0.0,0.0,0.0,0,(),0.0,0.0
21815,,0.0,0.0,0.0,0,(),0.0,0.0
21820,,0.0,0.0,0.0,0,(),0.0,0.0
21825,,0.0,0.0,0.0,0,(),0.0,0.0
21830,,0.0,0.0,0.0,0,(),0.0,0.0
21835,,0.0,0.0,0.0,0,(),0.0,0.0
21840,,0.0,0.0,0.0,0,(),0.0,0.0
21845,,0.0,0.0,0.0,0,(),0.0,0.0
21850,,0.0,0.0,0.0,0,(),0.0,0.0
21855,,0.0,0.0,0.0,0,(),0.0,0.0
21860,,0.0,0.0,0.0,0,(),0.0,0.0
21865,,0.0,0.0,0.0,0,(),0.0,0.0
21870,,0.0,0.0,0.0,0,(),0.0,0.0
21875,,0.0,0.0,0.0,0,(),0.0,0.0
21880,,0.0,0.0,0.0,0,(),0.0,0.0
21885,,0.0,0.0,0.0,0,(),0.0,0.0
21890,,0.0,0.0,0.0,0,(),0.0,0.0
21895,,0.0,0.0,0.0,0,(),0.0,0.0
21900,,0.0,0.0,0.0,0,(),0.0,0.0
21905,,0.0,0.0,0.0,0,(),0.0,0.0
21910,,0.0,0.0,0.0,0,(),0.0,0.0
21915,,0.0,0.0,0.0,0,(),0.0,0.0
21920,,0.0,0.0,0.0,0,(),0.0,0.0
21925,,0.0,0.0,0.0,0,(),0.0,0.0
21930,,0.0,0.0,0.0,0,(),0.0,0.0
21935,,0.0,0.0,0.0,0,(),0.0,0.0
21940,,0.0,0.0,0.0,0,(),0.0,0.0
21945,,0.0,0.0,0.0,0,(),0.0,0.0
21950,,0.0,0.0,0.0,0,(),0.0,0.0
21955,,0.0,0.0,0.0,0,(),0.0,0.0
21960,,0.0,0.0,0.0,0,(),0.0,0.0
21965,,0.0,0.0,0.0,0,(),0.0,0.0
21970,,0.0,0.0,0.0,0,(),0.0,0.0
21975,,0.0,0.0,0.0,0,(),0.0,0.0
21980,,0.0,0.0,0.0,0,(),0.0,0.0
21985,,0.0,0.0,0.0,0,(),0.0,0.0
21990,,0.0,0.0,0.0,0,(),0.0,0.0
21995,,0.0,0.0,0.0,0,(),0.0,0.0
22000,,0.0,0.0,0.0,0,(),0.0,0.0
22005,,0.0,0.0,0.0,0,(),0.0,0.0
22010,,0.0,0.0,0.0,0,(),0.0,0.0
22015,,0.0,0.0,0.0,0,(),0.0,0.0
22020,,0.0,0.0,0.0,0,(),0.0,0.0
22025,,0.0,0.0,0.0,0,(),0.0,0.0
22030,,0.0,0.0,0.0,0,(),0.0,0.0
22035,,0.0,0.0,0.0,0,(),0.0,0.0
22040,,0.0,0.0,0.0,0,(),0.0,0.0
22045,,0.0,0.0,0.0,0,(),0.0,0.0
22050,,0.0,0.0,0.0,0,(),0.0,0.0
22055,,0.0,0.0,0.0,0,(),0.0,0.0
22060,,0.0,0.0,0.0,0,(),0.0,0.0
22065,,0.0,0.0,0.0,0,(),0.0,0.0
22070,,0.0,0.0,0.0,0,(),0.0,0.0
22075,,0.0,0.0,0.0,0,(),0.0,0.0
22080,,0.0,0.0,0.0,0,(),0.0,0.0
22085,,0.0,0.0,0.0,0,(),0.0,0.0
22090,,0.0,0.0,0.0,0,(),0.0,0.0
22095,,0.0,0.0,0.0,0,(),0.0,0.0
22100,,0.0,0.0,0.0,0,(),0.0,0.0
22105,,0.0,0.0,0.0,0,(),0.0,0.0
22110,,0.0,0.0,0.0,0,(),0.0,0.0
22115,,0.0,0.0,0.0,0,(),0.0,0.0
22120,,0.0,0.0,0.0,0,(),0.0,0.0
22125,,0.0,0.0,0.0,0,(),0.0,0.0
22130,,0.0,0.0,0.0,0,(),0.0,0.0
22135,,0.0,0.0,0.0,0,(),0.0,0.0
22140,,0.0,0.0,0.0,0,(),0.0,0.0
22145,,0.0,0.0,0.0,0,(),0.0,0.0
22150,,0.0,0.0,0.0,0,(),0.0,0.0
22155,,0.0,0.0,0.0,0,(),0.0,0.0
22160,,0.0,0.0,0.0,0,(),0.0,0.0
22165,,0.0,0.0,0.0,0,(),0.0,0.0
22170,,0.0,0.0,0.0,0,(),0.0,0.0
22175,,0.0,0.0,0.0,0,(),0.0,0.0
22180,,0.0,0.0,0.0,0,(),0.0,0.0
22185,,0.0,0.0,0.0,0,(),0.0,0.0
22190,,0.0,0.0,0.0,0,(),0.0,0.0
22195,,0.0,0.0,0.0,0,(),0.0,0.0
22200,,0.0,0.0,0.0,0,(),0.0,0.0
22205,,0.0,0.0,0.0,0,(),0.0,0.0
22210,,0.0,0.0,0.0,0,(),0.0,0.0
22215,,0.0,0.0,0.0,0,(),0.0,0.0
22220,,0.0,0.0,0.0,0,(),0.0,0.0
22225,,0.0,0.0,0.0,0,(),0.0,0.0
22230,,0.0,0.0,0.0,0,(),0.0,0.0
22235,,0.0,0.0,0.0,0,(),0.0,0.0
22240,,0.0,0.0,0.0,0,(),0.0,0.0
22245,,0.0,0.0,0.0,0,(),0.0,0.0
22250,,0.0,0.0,0.0,0,(),0.0,0.0
22255,,0.0,0.0,0.0,0,(),0.0,0.0
22260,,0.0,0.0,0.0,0,(),0.0,0.0
22265,,0.0,0.0,0.0,0,(),0.0,0.0
22270,,0.0,0.0,0.0,0,(),0.0,0.0
22275,,0.0,0.0,0.0,0,(),0.0,0.0
22280,,0.0,0.0,0.0,0,(),0.0,0.0
22285,,0.0,0.0,0.0,0,(),0.0,0.0
22290,,0.0,0.0,0.0,0,(),0.0,0.0
22295,,0.0,0.0,0.0,0,(),0.0,0.0
22300,,0.0,0.0,0.0,0,(),0.0,0.0
22305,,0.0,0.0,0.0,0,(),0.0,0.0
22310,,0.0,0.0,0.0,0,(),0.0,0.0
22315,,0.0,0.0,0.0,0,(),0.0,0.0
22320,,0.0,0.0,0.0,0,(),0.0,0.0
22325,,0.0,0.0,0.0,0,(),0.0,0.0
22330,,0.0,0.0,0.0,0,(),0.0,0.0
22335,,0.0,0.0,0.0,0,(),0.0,0.0
22340,,0.0,0.0,0.0,0,(),0.0,0.0
22345,,0.0,0.0,0.0,0,(),0.0,0.0
22350,,0.0,0.0,0.0,0,(),0.0,0.0
22355,,0.0,0.0,0.0,0,(),0.0,0.0
22360,,0.0,0.0,0.0,0,(),0.0,0.0
22365,,0.0,0.0,0.0,0,(),0.0,0.0
22370,,0.0,0.0,0.0,0,(),0.0,0.0
22375,,0.0,0.0,0.0,0,(),0.0,0.0
22380,,0.0,0.0,0.0,0,(),0.0,0.0
22385,,0.0,0.0,0.0,0,(),0.0,0.0
22390,,0.0,0.0,0.0,0,(),0.0,0.0
22395,,0.0,0.0,0.0,0,(),0.0,0.0
22400,,0.0,0.0,0.0,0,(),0.0,0.0
22405,,0.0,0.0,0.0,0,(),0.0,0.0
22410,,0.0,0.0,0.0,0,(),0.0,0.0
22415,,0.0,0.0,0.0,0,(),0.0,0.0
22420,,0.0,0.0,0.0,0,(),0.0,0.0
22425,,0.0,0.0,0.0,0,(),0.0,0.0
22430,,0.0,0.0,0.0,0,(),0.0,0.0
22435,,0.0,0.0,0.0,0,(),0.0,0.0
22440,,0.0,0.0,0.0,0,(),0.0,0.0
22445,,0.0,0.0,0.0,0,(),0.0,0.0
22450,,0.0,0.0,0.0,0,(),0.0,0.0
22455,,0.0,0.0,0.0,0,(),0.0,0.0
22460,,0.0,0.0,0.0,0,(),0.0,0.0
22465,,0.0,0.0,0.0,0,(),0.0,0.0
22470,,0.0,0.0,0.0,0,(),0.0,0.0
22475,,0.0,0.0,0.0,0,(),0.0,0.0
22480,,0.0,0.0,0.0,0,(),0.0,0.0
22485,,0.0,0.0,0.0,0,(),0.0,0.0
22490,,0.0,0.0,0.0,0,(),0.0,0.0
22495,,0.0,0.0,0.0,0,(),0.0,0.0
22500,,0.0,0.0,0.0,0,(),0.0,0.0
22505,,0.0,0.0,0.0,0,(),0.0,0.0
22510,,0.0,0.0,0.0,0,(),0.0,0.0
22515,,0.0,0.0,0.0,0,(),0.0,0.0
22520,,0.0,0.0,0.0,0,(),0.0,0.0
22525,,0.0,0.0,0.0,0,(),0.0,0.0
22530,,0.0,0.0,0.0,0,(),0.0,0.0
22535,,0.0,0.0,0.0,0,(),0.0,0.0
22540,,0.0,0.0,0.0,0,(),0.0,0.0
22545,,0.0,0.0,0.0,0,(),0.0,0.0
22550,,0.0,0.0,0.0,0,(),0.0,0.0
22555,,0.0,0.0,0.0,0,(),0.0,0.0
22560,,0.0,0.0,0.0,0,(),0.0,0.0
22565,,0.0,0.0,0.0,0,(),0.0,0.0
22570,,0.0,0.0,0.0,0,(),0.0,0.0
22575,,0.0,0.0,0.0,0,(),0.0,0.0
22580,,0.0,0.0,0.0,0,(),0.0,0.0
22585,,0.0,0.0,0.0,0,(),0.0,0.0
22590,,0.0,0.0,0.0,0,(),0.0,0.0
22595,,0.0,0.0,0.0,0,(),0.0,0.0
22600,,0.0,0.0,0.0,0,(),0.0,0.0
22605,,0.0,0.0,0.0,0,(),0.0,0.0
22610,,0.0,0.0,0.0,0,(),0.0,0.0
22615,,0.0,0.0,0.0,0,(),0.0,0.0
22620,,0.0,0.0,0.0,0,(),0.0,0.0
22625,,0.0,0.0,0.0,0,(),0.0,0.0
22630,,0.0,0.0,0.0,0,(),0.0,0.0
22635,,0.0,0.0,0.0,0,(),0.0,0.0
22640,,0.0,0.0,0.0,0,(),0.0,0.0
22645,,0.0,0.0,0.0,0,(),0.0,0.0
22650,,0.0,0.0,0.0,0,(),0.0,0.0
22655,,0.0,0.0,0.0,0,(),0.0,0.0
22660,,0.0,0.0,0.0,0,(),0.0,0.0
22665,,0.0,0.0,0.0,0,(),0.0,0.0
22670,,0.0,0.0,0.0,0,(),0.0,0.0
22675,,0.0,0.0,0.0,0,(),0.0,0.0
22680,,0.0,0.0,0.0,0,(),0.0,0.0
22685,,0.0,0.0,0.0,0,(),0.0,0.0
22690,,0.0,0.0,0.0,0,(),0.0,0.0
22695,,0.0,0.0,0.0,0,(),0.0,0.0
22700,,0.0,0.0,0.0,0,(),0.0,0.0
22705,,0.0,0.0,0.0,0,(),0.0,0.0
22710,,0.0,0.0,0.0,0,(),0.0,0.0
22715,,0.0,0.0,0.0,0,(),0.0,0.0
22720,,0.0,0.0,0.0,0,(),0.0,0.0
22725,,0.0,0.0,0.0,0,(),0.0,0.0
22730,,0.0,0.0,0.0,0,(),0.0,0.0
22735,,0.0,0.0,0.0,0,(),0.0,0.0
22740,,0.0,0.0,0.0,0,(),0.0,0.0
22745,,0.0,0.0,0.0,0,(),0.0,0.0
22750,,0.0,0.0,0.0,0,(),0.0,0.0
22755,,0.0,0.0,0.0,0,(),0.0,0.0
22760,,0.0,0.0,0.0,0,(),0.0,0.0
22765,,0.0,0.0,0.0,0,(),0.0,0.0
22770,,0.0,0.0,0.0,0,(),0.0,0.0
22775,,0.0,0.0,0.0,0,(),0.0,0.0
22780,,0.0,0.0,0.0,0,(),0.0,0.0
22785,,0.0,0.0,0.0,0,(),0.0,0.0
22790,,0.0,0.0,0.0,0,(),0.0,0.0
22795,,0.0,0.0,0.0,0,(),0.0,0.0
22800,,0.0,0.0,0.0,0,(),0.0,0.0
22805,,0.0,0.0,0.0,0,(),0.0,0.0
22810,,0.0,0.0,0.0,0,(),0.0,0.0
22815,,0.0,0.0,0.0,0,(),0.0,0.0
22820,,0.0,0.0,0.0,0,(),0.0,0.0
22825,,0.0,0.0,0.0,0,(),0.0,0.0
22830,,0.0,0.0,0.0,0,(),0.0,0.0
22835,,0.0,0.0,0.0,0,(),0.0,0.0
22840,,0.0,0.0,0.0,0,(),0.0,0.0
22845,,0.0,0.0,0.0,0,(),0.0,0.0
22850,,0.0,0.0,0.0,0,(),0.0,0.0
22855,,0.0,0.0,0.0,0,(),0.0,0.0
22860,,0.0,0.0,0.0,0,(),0.0,0.0
22865,,0.0,0.0,0.0,0,(),0.0,0.0
22870,,0.0,0.0,0.0,0,(),0.0,0.0
22875,,0.0,0.0,0.0,0,(),0.0,0.0
22880,,0.0,0.0,0.0,0,(),0.0,0.0
22885,,0.0,0.0,0.0,0,(),0.0,0.0
22890,,0.0,0.0,0.0,0,(),0.0,0.0
22895,,0.0,0.0,0.0,0,(),0.0,0.0
22900,,0.0,0.0,0.0,0,(),0.0,0.0
22905,,0.0,0.0,0.0,0,(),0.0,0.0
22910,,0.0,0.0,0.0,0,(),0.0,0.0
22915,,0.0,0.0,0.0,0,(),0.0,0.0
22920,,0.0,0.0,0.0,0,(),0.0,0.0
22925,,0.0,0.0,0.0,0,(),0.0,0.0
22930,,0.0,0.0,0.0,0,(),0.0,0.0
22935,,0.0,0.0,0.0,0,(),0.0,0.0
22940,,0.0,0.0,0.0,0,(),0.0,0.0
22945,,0.0,0.0,0.0,0,(),0.0,0.0
22950,,0.0,0.0,0.0,0,(),0.0,0.0
22955,,0.0,0.0,0.0,0,(),0.0,0.0
22960,,0.0,0.0,0.0,0,(),0.0,0.0
22965,,0.0,0.0,0.0,0,(),0.0,0.0
22970,,0.0,0.0,0.0,0,(),0.0,0.0
22975,,0.0,0.0,0.0,0,(),0.0,0.0
22980,,0.0,0.0,0.0,0,(),0.0,0.0
22985,,0.0,0.0,0.0,0,(),0.0,0.0
22990,,0.0,0.0,0.0,0,(),0.0,0.0
22995,,0.0,0.0,0.0,0,(),0.0,0.0
23000,,0.0,0.0,0.0,0,(),0.0,0.0
23005,,0.0,0.0,0.0,0,(),0.0,0.0
23010,,0.0,0.0,0.0,0,(),0.0,0.0
23015,,0.0,0.0,0.0,0,(),0.0,0.0
23020,,0.0,0.0,0.0,0,(),0.0,0.0
23025,,0.0,0.0,0.0,0,(),0.0,0.0
23030,,0.0,0.0,0.0,0,(),0.0,0.0
23035,,0.0,0.0,0.0,0,(),0.0,0.0
23040,,0.0,0.0,0.0,0,(),0.0,0.0
23045,,0.0,0.0,0.0,0,(),0.0,0.0
23050,,0.0,0.0,0.0,0,(),0.0,0.0
23055,,0.0,0.0,0.0,0,(),0.0,0.0
23060,,0.0,0.0,0.0,0,(),0.0,0.0
23065,,0.0,0.0,0.0,0,(),0.0,0.0
23070,,0.0,0.0,0.0,0,(),0.0,0.0
23075,,0.0,0.0,0.0,0,(),0.0,0.0
23080,,0.0,0.0,0.0,0,(),0.0,0.0
23085,,0.0,0.0,0.0,0,(),0.0,0.0
23090,,0.0,0.0,0.0,0,(),0.0,0.0
23095,,0.0,0.0,0.0,0,(),0.0,0.0
23100,,0.0,0.0,0.0,0,(),0.0,0.0
23105,,0.0,0.0,0.0,0,(),0.0,0.0
23110,,0.0,0.0,0.0,0,(),0.0,0.0
23115,,0.0,0.0,0.0,0,(),0.0,0.0
23120,,0.0,0.0,0.0,0,(),0.0,0.0
23125,,0.0,0.0,0.0,0,(),0.0,0.0
23130,,0.0,0.0,0.0,0,(),0.0,0.0
23135,,0.0,0.0,0.0,0,(),0.0,0.0
23140,,0.0,0.0,0.0,0,(),0.0,0.0
23145,,0.0,0.0,0.0,0,(),0.0,0.0
23150,,0.0,0.0,0.0,0,(),0.0,0.0
23155,,0.0,0.0,0.0,0,(),0.0,0.0
23160,,0.0,0.0,0.0,0,(),0.0,0.0
23165,,0.0,0.0,0.0,0,(),0.0,0.0
23170,,0.0,0.0,0.0,0,(),0.0,0.0
23175,,0.0,0.0,0.0,0,(),0.0,0.0
23180,,0.0,0.0,0.0,0,(),0.0,0.0
23185,,0.0,0.0,0.0,0,(),0.0,0.0
23190,,0.0,0.0,0.0,0,(),0.0,0.0
23195,,0.0,0.0,0.0,0,(),0.0,0.0
23200,,0.0,0.0,0.0,0,(),0.0,0.0
23205,,0.0,0.0,0.0,0,(),0.0,0.0
23210,,0.0,0.0,0.0,0,(),0.0,0.0
23215,,0.0,0.0,0.0,0,(),0.0,0.0
23220,,0.0,0.0,0.0,0,(),0.0,0.0
23225,,0.0,0.0,0.0,0,(),0.0,0.0
23230,,0.0,0.0,0.0,0,(),0.0,0.0
23235,,0.0,0.0,0.0,0,(),0.0,0.0
23240,,0.0,0.0,0.0,0,(),0.0,0.0
23245,,0.0,0.0,0.0,0,(),0.0,0.0
23250,,0.0,0.0,0.0,0,(),0.0,0.0
23255,,0.0,0.0,0.0,0,(),0.0,0.0
23260,,0.0,0.0,0.0,0,(),0.0,0.0
23265,,0.0,0.0,0.0,0,(),0.0,0.0
23270,,0.0,0.0,0.0,0,(),0.0,0.0
23275,,0.0,0.0,0.0,0,(),0.0,0.0
23280,,0.0,0.0,0.0,0,(),0.0,0.0
23285,,0.0,0.0,0.0,0,(),0.0,0.0
23290,,0.0,0.0,0.0,0,(),0.0,0.0
23295,,0.0,0.0,0.0,0,(),0.0,0.0
23300,,0.0,0.0,0.0,0,(),0.0,0.0
23305,,0.0,0.0,0.0,0,(),0.0,0.0
23310,,0.0,0.0,0.0,0,(),0.0,0.0
23315,,0.0,0.0,0.0,0,(),0.0,0.0
23320,,0.0,0.0,0.0,0,(),0.0,0.0
23325,,0.0,0.0,0.0,0,(),0.0,0.0
23330,,0.0,0.0,0.0,0,(),0.0,0.0
23335,,0.0,0.0,0.0,0,(),0.0,0.0
23340,,0.0,0.0,0.0,0,(),0.0,0.0
23345,,0.0,0.0,0.0,0,(),0.0,0.0
23350,,0.0,0.0,0.0,0,(),0.0,0.0
23355,,0.0,0.0,0.0,0,(),0.0,0.0
23360,,0.0,0.0,0.0,0,(),0.0,0.0
23365,,0.0,0.0,0.0,0,(),0.0,0.0
23370,,0.0,0.0,0.0,0,(),0.0,0.0
23375,,0.0,0.0,0.0,0,(),0.0,0.0
23380,,0.0,0.0,0.0,0,(),0.0,0.0
23385,,0.0,0.0,0.0,0,(),0.0,0.0
23390,,0.0,0.0,0.0,0,(),0.0,0.0
23395,,0.0,0.0,0.0,0,(),0.0,0.0
23400,,0.0,0.0,0.0,0,(),0.0,0.0
23405,,0.0,0.0,0.0,0,(),0.0,0.0
23410,,0.0,0.0,0.0,0,(),0.0,0.0
23415,,0.0,0.0,0.0,0,(),0.0,0.0
23420,,0.0,0.0,0.0,0,(),0.0,0.0
23425,,0.0,0.0,0.0,0,(),0.0,0.0
23430,,0.0,0.0,0.0,0,(),0.0,0.0
23435,,0.0,0.0,0.0,0,(),0.0,0.0
23440,,0.0,0.0,0.0,0,(),0.0,0.0
23445,,0.0,0.0,0.0,0,(),0.0,0.0
23450,,0.0,0.0,0.0,0,(),0.0,0.0
23455,,0.0,0.0,0.0,0,(),0.0,0.0
23460,,0.0,0.0,0.0,0,(),0.0,0.0
23465,,0.0,0.0,0.0,0,(),0.0,0.0
23470,,0.0,0.0,0.0,0,(),0.0,0.0
23475,,0.0,0.0,0.0,0,(),0.0,0.0
23480,,0.0,0.0,0.0,0,(),0.0,0.0
23485,,0.0,0.0,0.0,0,(),0.0,0.0
23490,,0.0,0.0,0.0,0,(),0.0,0.0
23495,,0.0,0.0,0.0,0,(),0.0,0.0
23500,,0.0,0.0,0.0,0,(),0.0,0.0
23505,,0.0,0.0,0.0,0,(),0.0,0.0
23510,,0.0,0.0,0.0,0,(),0.0,0.0
23515,,0.0,0.0,0.0,0,(),0.0,0.0
23520,,0.0,0.0,0.0,0,(),0.0,0.0
23525,,0.0,0.0,0.0,0,(),0.0,0.0
23530,,0.0,0.0,0.0,0,(),0.0,0.0
23535,,0.0,0.0,0.0,0,(),0.0,0.0
23540,,0.0,0.0,0.0,0,(),0.0,0.0
23545,,0.0,0.0,0.0,0,(),0.0,0.0
23550,,0.0,0.0,0.0,0,(),0.0,0.0
23555,,0.0,0.0,0.0,0,(),0.0,0.0
23560,,0.0,0.0,0.0,0,(),0.0,0.0
23565,,0.0,0.0,0.0,0,(),0.0,0.0
23570,,0.0,0.0,0.0,0,(),0.0,0.0
23575,,0.0,0.0,0.0,0,(),0.0,0.0
23580,,0.0,0.0,0.0,0,(),0.0,0.0
23585,,0.0,0.0,0.0,0,(),0.0,0.0
23590,,0.0,0.0,0.0,0,(),0.0,0.0
23595,,0.0,0.0,0.0,0,(),0.0,0.0
23600,,0.0,0.0,0.0,0,(),0.0,0.0
23605,,0.0,0.0,0.0,0,(),0.0,0.0
23610,,0.0,0.0,0.0,0,(),0.0,0.0
23615,,0.0,0.0,0.0,0,(),0.0,0.0
23620,,0.0,0.0,0.0,0,(),0.0,0.0
23625,,0.0,0.0,0.0,0,(),0.0,0.0
23630,,0.0,0.0,0.0,0,(),0.0,0.0
23635,,0.0,0.0,0.0,0,(),0.0,0.0
23640,,0.0,0.0,0.0,0,(),0.0,0.0
23645,,0.0,0.0,0.0,0,(),0.0,0.0
23650,,0.0,0.0,0.0,0,(),0.0,0.0
23655,,0.0,0.0,0.0,0,(),0.0,0.0
23660,,0.0,0.0,0.0,0,(),0.0,0.0
23665,,0.0,0.0,0.0,0,(),0.0,0.0
23670,,0.0,0.0,0.0,0,(),0.0,0.0
23675,,0.0,0.0,0.0,0,(),0.0,0.0
23680,,0.0,0.0,0.0,0,(),0.0,0.0
23685,,0.0,0.0,0.0,0,(),0.0,0.0
23690,,0.0,0.0,0.0,0,(),0.0,0.0
23695,,0.0,0.0,0.0,0,(),0.0,0.0
23700,,0.0,0.0,0.0,0,(),0.0,0.0
23705,,0.0,0.0,0.0,0,(),0.0,0.0
23710,,0.0,0.0,0.0,0,(),0.0,0.0
23715,,0.0,0.0,0.0,0,(),0.0,0.0
23720,,0.0,0.0,0.0,0,(),0.0,0.0
23725,,0.0,0.0,0.0,0,(),0.0,0.0
23730,,0.0,0.0,0.0,0,(),0.0,0.0
23735,,0.0,0.0,0.0,0,(),0.0,0.0
23740,,0.0,0.0,0.0,0,(),0.0,0.0
23745,,0.0,0.0,0.0,0,(),0.0,0.0
23750,,0.0,0.0,0.0,0,(),0.0,0.0
23755,,0.0,0.0,0.0,0,(),0.0,0.0
23760,,0.0,0.0,0.0,0,(),0.0,0.0
23765,,0.0,0.0,0.0,0,(),0.0,0.0
23770,,0.0,0.0,0.0,0,(),0.0,0.0
23775,,0.0,0.0,0.0,0,(),0.0,0.0
23780,,0.0,0.0,0.0,0,(),0.0,0.0
23785,,0.0,0.0,0.0,0,(),0.0,0.0
23790,,0.0,0.0,0.0,0,(),0.0,0.0
23795,,0.0,0.0,0.0,0,(),0.0,0.0
23800,,0.0,0.0,0.0,0,(),0.0,0.0
23805,,0.0,0.0,0.0,0,(),0.0,0.0
23810,,0.0,0.0,0.0,0,(),0.0,0.0
23815,,0.0,0.0,0.0,0,(),0.0,0.0
23820,,0.0,0.0,0.0,0,(),0.0,0.0
23825,,0.0,0.0,0.0,0,(),0.0,0.0
23830,,0.0,0.0,0.0,0,(),0.0,0.0
23835,,0.0,0.0,0.0,0,(),0.0,0.0
23840,,0.0,0.0,0.0,0,(),0.0,0.0
23845,,0.0,0.0,0.0,0,(),0.0,0.0
23850,,0.0,0.0,0.0,0,(),0.0,0.0
23855,,0.0,0.0,0.0,0,(),0.0,0.0
23860,,0.0,0.0,0.0,0,(),0.0,0.0
23865,,0.0,0.0,0.0,0,(),0.0,0.0
23870,,0.0,0.0,0.0,0,(),0.0,0.0
23875,,0.0,0.0,0.0,0,(),0.0,0.0
23880,,0.0,0.0,0.0,0,(),0.0,0.0
23885,,0.0,0.0,0.0,0,(),0.0,0.0
23890,,0.0,0.0,0.0,0,(),0.0,0.0
23895,,0.0,0.0,0.0,0,(),0.0,0.0
23900,,0.0,0.0,0.0,0,(),0.0,0.0
23905,,0.0,0.0,0.0,0,(),0.0,0.0
23910,,0.0,0.0,0.0,0,(),0.0,0.0
23915,,0.0,0.0,0.0,0,(),0.0,0.0
23920,,0.0,0.0,0.0,0,(),0.0,0.0
23925,,0.0,0.0,0.0,0,(),0.0,0.0
23930,,0.0,0.0,0.0,0,(),0.0,0.0
23935,,0.0,0.0,0.0,0,(),0.0,0.0
23940,,0.0,0.0,0.0,0,(),0.0,0.0
23945,,0.0,0.0,0.0,0,(),0.0,0.0
23950,,0.0,0.0,0.0,0,(),0.0,0.0
23955,,0.0,0.0,0.0,0,(),0.0,0.0
23960,,0.0,0.0,0.0,0,(),0.0,0.0
23965,,0.0,0.0,0.0,0,(),0.0,0.0
23970,,0.0,0.0,0.0,0,(),0.0,0.0
23975,,0.0,0.0,0.0,0,(),0.0,0.0
23980,,0.0,0.0,0.0,0,(),0.0,0.0
23985,,0.0,0.0,0.0,0,(),0.0,0.0
23990,,0.0,0.0,0.0,0,(),0.0,0.0
23995,,0.0,0.0,0.0,0,(),0.0,0.0
24000,,0.0,0.0,0.0,0,(),0.0,0.0
24005,,0.0,0.0,0.0,0,(),0.0,0.0
24010,,0.0,0.0,0.0,0,(),0.0,0.0
24015,,0.0,0.0,0.0,0,(),0.0,0.0
24020,,0.0,0.0,0.0,0,(),0.0,0.0
24025,,0.0,0.0,0.0,0,(),0.0,0.0
24030,,0.0,0.0,0.0,0,(),0.0,0.0
24035,,0.0,0.0,0.0,0,(),0.0,0.0
24040,,0.0,0.0,0.0,0,(),0.0,0.0
24045,,0.0,0.0,0.0,0,(),0.0,0.0
24050,,0.0,0.0,0.0,0,(),0.0,0.0
24055,,0.0,0.0,0.0,0,(),0.0,0.0
24060,,0.0,0.0,0.0,0,(),0.0,0.0
24065,,0.0,0.0,0.0,0,(),0.0,0.0
24070,,0.0,0.0,0.0,0,(),0.0,0.0
24075,,0.0,0.0,0.0,0,(),0.0,0.0
24080,,0.0,0.0,0.0,0,(),0.0,0.0
24085,,0.0,0.0,0.0,0,(),0.0,0.0
24090,,0.0,0.0,0.0,0,(),0.0,0.0
24095,,0.0,0.0,0.0,0,(),0.0,0.0
24100,,0.0,0.0,0.0,0,(),0.0,0.0
24105,,0.0,0.0,0.0,0,(),0.0,0.0
24110,,0.0,0.0,0.0,0,(),0.0,0.0
24115,,0.0,0.0,0.0,0,(),0.0,0.0
24120,,0.0,0.0,0.0,0,(),0.0,0.0
24125,,0.0,0.0,0.0,0,(),0.0,0.0
24130,,0.0,0.0,0.0,0,(),0.0,0.0
24135,,0.0,0.0,0.0,0,(),0.0,0.0
24140,,0.0,0.0,0.0,0,(),0.0,0.0
24145,,0.0,0.0,0.0,0,(),0.0,0.0
24150,,0.0,0.0,0.0,0,(),0.0,0.0
24155,,0.0,0.0,0.0,0,(),0.0,0.0
24160,,0.0,0.0,0.0,0,(),0.0,0.0
24165,,0.0,0.0,0.0,0,(),0.0,0.0
24170,,0.0,0.0,0.0,0,(),0.0,0.0
24175,,0.0,0.0,0.0,0,(),0.0,0.0
24180,,0.0,0.0,0.0,0,(),0.0,0.0
24185,,0.0,0.0,0.0,0,(),0.0,0.0
24190,,0.0,0.0,0.0,0,(),0.0,0.0
24195,,0.0,0.0,0.0,0,(),0.0,0.0
24200,,0.0,0.0,0.0,0,(),0.0,0.0
24205,,0.0,0.0,0.0,0,(),0.0,0.0
24210,,0.0,0.0,0.0,0,(),0.0,0.0
24215,,0.0,0.0,0.0,0,(),0.0,0.0
24220,,0.0,0.0,0.0,0,(),0.0,0.0
24225,,0.0,0.0,0.0,0,(),0.0,0.0
24230,,0.0,0.0,0.0,0,(),0.0,0.0
24235,,0.0,0.0,0.0,0,(),0.0,0.0
24240,,0.0,0.0,0.0,0,(),0.0,0.0
24245,,0.0,0.0,0.0,0,(),0.0,0.0
24250,,0.0,0.0,0.0,0,(),0.0,0.0
24255,,0.0,0.0,0.0,0,(),0.0,0.0
24260,,0.0,0.0,0.0,0,(),0.0,0.0
24265,,0.0,0.0,0.0,0,(),0.0,0.0
24270,,0.0,0.0,0.0,0,(),0.0,0.0
24275,,0.0,0.0,0.0,0,(),0.0,0.0
24280,,0.0,0.0,0.0,0,(),0.0,0.0
24285,,0.0,0.0,0.0,0,(),0.0,0.0
24290,,0.0,0.0,0.0,0,(),0.0,0.0
24295,,0.0,0.0,0.0,0,(),0.0,0.0
24300,,0.0,0.0,0.0,0,(),0.0,0.0
24305,,0.0,0.0,0.0,0,(),0.0,0.0
24310,,0.0,0.0,0.0,0,(),0.0,0.0
24315,,0.0,0.0,0.0,0,(),0.0,0.0
24320,,0.0,0.0,0.0,0,(),0.0,0.0
24325,,0.0,0.0,0.0,0,(),0.0,0.0
24330,,0.0,0.0,0.0,0,(),0.0,0.0
24335,,0.0,0.0,0.0,0,(),0.0,0.0
24340,,0.0,0.0,0.0,0,(),0.0,0.0
24345,,0.0,0.0,0.0,0,(),0.0,0.0
24350,,0.0,0.0,0.0,0,(),0.0,0.0
24355,,0.0,0.0,0.0,0,(),0.0,0.0
24360,,0.0,0.0,0.0,0,(),0.0,0.0
24365,,0.0,0.0,0.0,0,(),0.0,0.0
24370,,0.0,0.0,0.0,0,(),0.0,0.0
24375,,0.0,0.0,0.0,0,(),0.0,0.0
24380,,0.0,0.0,0.0,0,(),0.0,0.0
24385,,0.0,0.0,0.0,0,(),0.0,0.0
24390,,0.0,0.0,0.0,0,(),0.0,0.0
24395,,0.0,0.0,0.0,0,(),0.0,0.0
24400,,0.0,0.0,0.0,0,(),0.0,0.0
24405,,0.0,0.0,0.0,0,(),0.0,0.0
24410,,0.0,0.0,0.0,0,(),0.0,0.0
24415,,0.0,0.0,0.0,0,(),0.0,0.0
24420,,0.0,0.0,0.0,0,(),0.0,0.0
24425,,0.0,0.0,0.0,0,(),0.0,0.0
24430,,0.0,0.0,0.0,0,(),0.0,0.0
24435,,0.0,0.0,0.0,0,(),0.0,0.0
24440,,0.0,0.0,0.0,0,(),0.0,0.0
24445,,0.0,0.0,0.0,0,(),0.0,0.0
24450,,0.0,0.0,0.0,0,(),0.0,0.0
24455,,0.0,0.0,0.0,0,(),0.0,0.0
24460,,0.0,0.0,0.0,0,(),0.0,0.0
24465,,0.0,0.0,0.0,0,(),0.0,0.0
24470,,0.0,0.0,0.0,0,(),0.0,0.0
24475,,0.0,0.0,0.0,0,(),0.0,0.0
24480,,0.0,0.0,0.0,0,(),0.0,0.0
24485,,0.0,0.0,0.0,0,(),0.0,0.0
24490,,0.0,0.0,0.0,0,(),0.0,0.0
24495,,0.0,0.0,0.0,0,(),0.0,0.0
24500,,0.0,0.0,0.0,0,(),0.0,0.0
24505,,0.0,0.0,0.0,0,(),0.0,0.0
24510,,0.0,0.0,0.0,0,(),0.0,0.0
24515,,0.0,0.0,0.0,0,(),0.0,0.0
24520,,0.0,0.0,0.0,0,(),0.0,0.0
24525,,0.0,0.0,0.0,0,(),0.0,0.0
24530,,0.0,0.0,0.0,0,(),0.0,0.0
24535,,0.0,0.0,0.0,0,(),0.0,0.0
24540,,0.0,0.0,0.0,0,(),0.0,0.0
24545,,0.0,0.0,0.0,0,(),0.0,0.0
24550,,0.0,0.0,0.0,0,(),0.0,0.0
24555,,0.0,0.0,0.0,0,(),0.0,0.0
24560,,0.0,0.0,0.0,0,(),0.0,0.0
24565,,0.0,0.0,0.0,0,(),0.0,0.0
24570,,0.0,0.0,0.0,0,(),0.0,0.0
24575,,0.0,0.0,0.0,0,(),0.0,0.0
24580,,0.0,0.0,0.0,0,(),0.0,0.0
24585,,0.0,0.0,0.0,0,(),0.0,0.0
24590,,0.0,0.0,0.0,0,(),0.0,0.0
24595,,0.0,0.0,0.0,0,(),0.0,0.0
24600,,0.0,0.0,0.0,0,(),0.0,0.0
24605,,0.0,0.0,0.0,0,(),0.0,0.0
24610,,0.0,0.0,0.0,0,(),0.0,0.0
24615,,0.0,0.0,0.0,0,(),0.0,0.0
24620,,0.0,0.0,0.0,0,(),0.0,0.0
24625,,0.0,0.0,0.0,0,(),0.0,0.0
24630,,0.0,0.0,0.0,0,(),0.0,0.0
24635,,0.0,0.0,0.0,0,(),0.0,0.0
24640,,0.0,0.0,0.0,0,(),0.0,0.0
24645,,0.0,0.0,0.0,0,(),0.0,0.0
24650,,0.0,0.0,0.0,0,(),0.0,0.0
24655,,0.0,0.0,0.0,0,(),0.0,0.0
24660,,0.0,0.0,0.0,0,(),0.0,0.0
24665,,0.0,0.0,0.0,0,(),0.0,0.0
24670,,0.0,0.0,0.0,0,(),0.0,0.0
24675,,0.0,0.0,0.0,0,(),0.0,0.0
24680,,0.0,0.0,0.0,0,(),0.0,0.0
24685,,0.0,0.0,0.0,0,(),0.0,0.0
24690,,0.0,0.0,0.0,0,(),0.0,0.0
24695,,0.0,0.0,0.0,0,(),0.0,0.0
24700,,0.0,0.0,0.0,0,(),0.0,0.0
24705,,0.0,0.0,0.0,0,(),0.0,0.0
24710,,0.0,0.0,0.0,0,(),0.0,0.0
24715,,0.0,0.0,0.0,0,(),0.0,0.0
24720,,0.0,0.0,0.0,0,(),0.0,0.0
24725,,0.0,0.0,0.0,0,(),0.0,0.0
24730,,0.0,0.0,0.0,0,(),0.0,0.0
24735,,0.0,0.0,0.0,0,(),0.0,0.0
24740,,0.0,0.0,0.0,0,(),0.0,0.0
24745,,0.0,0.0,0.0,0,(),0.0,0.0
24750,,0.0,0.0,0.0,0,(),0.0,0.0
24755,,0.0,0.0,0.0,0,(),0.0,0.0
24760,,0.0,0.0,0.0,0,(),0.0,0.0
24765,,0.0,0.0,0.0,0,(),0.0,0.0
24770,,0.0,0.0,0.0,0,(),0.0,0.0
24775,,0.0,0.0,0.0,0,(),0.0,0.0
24780,,0.0,0.0,0.0,0,(),0.0,0.0
24785,,0.0,0.0,0.0,0,(),0.0,0.0
24790,,0.0,0.0,0.0,0,(),0.0,0.0
24795,,0.0,0.0,0.0,0,(),0.0,0.0
24800,,0.0,0.0,0.0,0,(),0.0,0.0
24805,,0.0,0.0,0.0,0,(),0.0,0.0
24810,,0.0,0.0,0.0,0,(),0.0,0.0
24815,,0.0,0.0,0.0,0,(),0.0,0.0
24820,,0.0,0.0,0.0,0,(),0.0,0.0
24825,,0.0,0.0,0.0,0,(),0.0,0.0
24830,,0.0,0.0,0.0,0,(),0.0,0.0
24835,,0.0,0.0,0.0,0,(),0.0,0.0
24840,,0.0,0.0,0.0,0,(),0.0,0.0
24845,,0.0,0.0,0.0,0,(),0.0,0.0
24850,,0.0,0.0,0.0,0,(),0.0,0.0
24855,,0.0,0.0,0.0,0,(),0.0,0.0
24860,,0.0,0.0,0.0,0,(),0.0,0.0
24865,,0.0,0.0,0.0,0,(),0.0,0.0
24870,,0.0,0.0,0.0,0,(),0.0,0.0
24875,,0.0,0.0,0.0,0,(),0.0,0.0
24880,,0.0,0.0,0.0,0,(),0.0,0.0
24885,,0.0,0.0,0.0,0,(),0.0,0.0
24890,,0.0,0.0,0.0,0,(),0.0,0.0
24895,,0.0,0.0,0.0,0,(),0.0,0.0
24900,,0.0,0.0,0.0,0,(),0.0,0.0
24905,,0.0,0.0,0.0,0,(),0.0,0.0
24910,,0.0,0.0,0.0,0,(),0.0,0.0
24915,,0.0,0.0,0.0,0,(),0.0,0.0
24920,,0.0,0.0,0.0,0,(),0.0,0.0
24925,,0.0,0.0,0.0,0,(),0.0,0.0
24930,,0.0,0.0,0.0,0,(),0.0,0.0
24935,,0.0,0.0,0.0,0,(),0.0,0.0
24940,,0.0,0.0,0.0,0,(),0.0,0.0
24945,,0.0,0.0,0.0,0,(),0.0,0.0
24950,,0.0,0.0,0.0,0,(),0.0,0.0
24955,,0.0,0.0,0.0,0,(),0.0,0.0
24960,,0.0,0.0,0.0,0,(),0.0,0.0
24965,,0.0,0.0,0.0,0,(),0.0,0.0
24970,,0.0,0.0,0.0,0,(),0.0,0.0
24975,,0.0,0.0,0.0,0,(),0.0,0.0
24980,,0.0,0.0,0.0,0,(),0.0,0.0
24985,,0.0,0.0,0.0,0,(),0.0,0.0
24990,,0.0,0.0,0.0,0,(),0.0,0.0
24995,,0.0,0.0,0.0,0,(),0.0,0.0
25000,,0.0,0.0,0.0,0,(),0.0,0.0
25005,,0.0,0.0,0.0,0,(),0.0,0.0
25010,,0.0,0.0,0.0,0,(),0.0,0.0
25015,,0.0,0.0,0.0,0,(),0.0,0.0
25020,,0.0,0.0,0.0,0,(),0.0,0.0
25025,,0.0,0.0,0.0,0,(),0.0,0.0
25030,,0.0,0.0,0.0,0,(),0.0,0.0
25035,,0.0,0.0,0.0,0,(),0.0,0.0
25040,,0.0,0.0,0.0,0,(),0.0,0.0
25045,,0.0,0.0,0.0,0,(),0.0,0.0
25050,,0.0,0.0,0.0,0,(),0.0,0.0
25055,,0.0,0.0,0.0,0,(),0.0,0.0
25060,,0.0,0.0,0.0,0,(),0.0,0.0
25065,,0.0,0.0,0.0,0,(),0.0,0.0
25070,,0.0,0.0,0.0,0,(),0.0,0.0
25075,,0.0,0.0,0.0,0,(),0.0,0.0
25080,,0.0,0.0,0.0,0,(),0.0,0.0
25085,,0.0,0.0,0.0,0,(),0.0,0.0
25090,,0.0,0.0,0.0,0,(),0.0,0.0
25095,,0.0,0.0,0.0,0,(),0.0,0.0
25100,,0.0,0.0,0.0,0,(),0.0,0.0
25105,,0.0,0.0,0.0,0,(),0.0,0.0
25110,,0.0,0.0,0.0,0,(),0.0,0.0
25115,,0.0,0.0,0.0,0,(),0.0,0.0
25120,,0.0,0.0,0.0,0,(),0.0,0.0
25125,,0.0,0.0,0.0,0,(),0.0,0.0
25130,,0.0,0.0,0.0,0,(),0.0,0.0
25135,,0.0,0.0,0.0,0,(),0.0,0.0
25140,,0.0,0.0,0.0,0,(),0.0,0.0
25145,,0.0,0.0,0.0,0,(),0.0,0.0
25150,,0.0,0.0,0.0,0,(),0.0,0.0
25155,,0.0,0.0,0.0,0,(),0.0,0.0
25160,,0.0,0.0,0.0,0,(),0.0,0.0
25165,,0.0,0.0,0.0,0,(),0.0,0.0
25170,,0.0,0.0,0.0,0,(),0.0,0.0
25175,,0.0,0.0,0.0,0,(),0.0,0.0
25180,,0.0,0.0,0.0,0,(),0.0,0.0
25185,,0.0,0.0,0.0,0,(),0.0,0.0
25190,,0.0,0.0,0.0,0,(),0.0,0.0
25195,,0.0,0.0,0.0,0,(),0.0,0.0
25200,,0.0,0.0,0.0,0,(),0.0,0.0
25205,,0.0,0.0,0.0,0,(),0.0,0.0
25210,,0.0,0.0,0.0,0,(),0.0,0.0
25215,,0.0,0.0,0.0,0,(),0.0,0.0
25220,,0.0,0.0,0.0,0,(),0.0,0.0
25225,,0.0,0.0,0.0,0,(),0.0,0.0
25230,,0.0,0.0,0.0,0,(),0.0,0.0
25235,,0.0,0.0,0.0,0,(),0.0,0.0
25240,,0.0,0.0,0.0,0,(),0.0,0.0
25245,,0.0,0.0,0.0,0,(),0.0,0.0
25250,,0.0,0.0,0.0,0,(),0.0,0.0
25255,,0.0,0.0,0.0,0,(),0.0,0.0
25260,,0.0,0.0,0.0,0,(),0.0,0.0
25265,,0.0,0.0,0.0,0,(),0.0,0.0
25270,,0.0,0.0,0.0,0,(),0.0,0.0
25275,,0.0,0.0,0.0,0,(),0.0,0.0
25280,,0.0,0.0,0.0,0,(),0.0,0.0
25285,,0.0,0.0,0.0,0,(),0.0,0.0
25290,,0.0,0.0,0.0,0,(),0.0,0.0
25295,,0.0,0.0,0.0,0,(),0.0,0.0
25300,,0.0,0.0,0.0,0,(),0.0,0.0
25305,,0.0,0.0,0.0,0,(),0.0,0.0
25310,,0.0,0.0,0.0,0,(),0.0,0.0
25315,,0.0,0.0,0.0,0,(),0.0,0.0
25320,,0.0,0.0,0.0,0,(),0.0,0.0
25325,,0.0,0.0,0.0,0,(),0.0,0.0
25330,,0.0,0.0,0.0,0,(),0.0,0.0
25335,,0.0,0.0,0.0,0,(),0.0,0.0
25340,,0.0,0.0,0.0,0,(),0.0,0.0
25345,,0.0,0.0,0.0,0,(),0.0,0.0
25350,,0.0,0.0,0.0,0,(),0.0,0.0
25355,,0.0,0.0,0.0,0,(),0.0,0.0
25360,,0.0,0.0,0.0,0,(),0.0,0.0
25365,,0.0,0.0,0.0,0,(),0.0,0.0
25370,,0.0,0.0,0.0,0,(),0.0,0.0
25375,,0.0,0.0,0.0,0,(),0.0,0.0
25380,,0.0,0.0,0.0,0,(),0.0,0.0
25385,,0.0,0.0,0.0,0,(),0.0,0.0
25390,,0.0,0.0,0.0,0,(),0.0,0.0
25395,,0.0,0.0,0.0,0,(),0.0,0.0
25400,,0.0,0.0,0.0,0,(),0.0,0.0
25405,,0.0,0.0,0.0,0,(),0.0,0.0
25410,,0.0,0.0,0.0,0,(),0.0,0.0
25415,,0.0,0.0,0.0,0,(),0.0,0.0
25420,,0.0,0.0,0.0,0,(),0.0,0.0
25425,,0.0,0.0,0.0,0,(),0.0,0.0
25430,,0.0,0.0,0.0,0,(),0.0,0.0
25435,,0.0,0.0,0.0,0,(),0.0,0.0
25440,,0.0,0.0,0.0,0,(),0.0,0.0
25445,,0.0,0.0,0.0,0,(),0.0,0.0
25450,,0.0,0.0,0.0,0,(),0.0,0.0
25455,,0.0,0.0,0.0,0,(),0.0,0.0
25460,,0.0,0.0,0.0,0,(),0.0,0.0
25465,,0.0,0.0,0.0,0,(),0.0,0.0
25470,,0.0,0.0,0.0,0,(),0.0,0.0
25475,,0.0,0.0,0.0,0,(),0.0,0.0
25480,,0.0,0.0,0.0,0,(),0.0,0.0
25485,,0.0,0.0,0.0,0,(),0.0,0.0
25490,,0.0,0.0,0.0,0,(),0.0,0.0
25495,,0.0,0.0,0.0,0,(),0.0,0.0
25500,,0.0,0.0,0.0,0,(),0.0,0.0
25505,,0.0,0.0,0.0,0,(),0.0,0.0
25510,,0.0,0.0,0.0,0,(),0.0,0.0
25515,,0.0,0.0,0.0,0,(),0.0,0.0
25520,,0.0,0.0,0.0,0,(),0.0,0.0
25525,,0.0,0.0,0.0,0,(),0.0,0.0
25530,,0.0,0.0,0.0,0,(),0.0,0.0
25535,,0.0,0.0,0.0,0,(),0.0,0.0
25540,,0.0,0.0,0.0,0,(),0.0,0.0
25545,,0.0,0.0,0.0,0,(),0.0,0.0
25550,,0.0,0.0,0.0,0,(),0.0,0.0
25555,,0.0,0.0,0.0,0,(),0.0,0.0
25560,,0.0,0.0,0.0,0,(),0.0,0.0
25565,,0.0,0.0,0.0,0,(),0.0,0.0
25570,,0.0,0.0,0.0,0,(),0.0,0.0
25575,,0.0,0.0,0.0,0,(),0.0,0.0
25580,,0.0,0.0,0.0,0,(),0.0,0.0
25585,,0.0,0.0,0.0,0,(),0.0,0.0
25590,,0.0,0.0,0.0,0,(),0.0,0.0
25595,,0.0,0.0,0.0,0,(),0.0,0.0
25600,,0.0,0.0,0.0,0,(),0.0,0.0
25605,,0.0,0.0,0.0,0,(),0.0,0.0
25610,,0.0,0.0,0.0,0,(),0.0,0.0
25615,,0.0,0.0,0.0,0,(),0.0,0.0
25620,,0.0,0.0,0.0,0,(),0.0,0.0
25625,,0.0,0.0,0.0,0,(),0.0,0.0
25630,,0.0,0.0,0.0,0,(),0.0,0.0
25635,,0.0,0.0,0.0,0,(),0.0,0.0
25640,,0.0,0.0,0.0,0,(),0.0,0.0
25645,,0.0,0.0,0.0,0,(),0.0,0.0
25650,,0.0,0.0,0.0,0,(),0.0,0.0
25655,,0.0,0.0,0.0,0,(),0.0,0.0
25660,,0.0,0.0,0.0,0,(),0.0,0.0
25665,,0.0,0.0,0.0,0,(),0.0,0.0
25670,,0.0,0.0,0.0,0,(),0.0,0.0
25675,,0.0,0.0,0.0,0,(),0.0,0.0
25680,,0.0,0.0,0.0,0,(),0.0,0.0
25685,,0.0,0.0,0.0,0,(),0.0,0.0
25690,,0.0,0.0,0.0,0,(),0.0,0.0
25695,,0.0,0.0,0.0,0,(),0.0,0.0
25700,,0.0,0.0,0.0,0,(),0.0,0.0
25705,,0.0,0.0,0.0,0,(),0.0,0.0
25710,,0.0,0.0,0.0,0,(),0.0,0.0
25715,,0.0,0.0,0.0,0,(),0.0,0.0
25720,,0.0,0.0,0.0,0,(),0.0,0.0
25725,,0.0,0.0,0.0,0,(),0.0,0.0
25730,,0.0,0.0,0.0,0,(),0.0,0.0
25735,,0.0,0.0,0.0,0,(),0.0,0.0
25740,,0.0,0.0,0.0,0,(),0.0,0.0
25745,,0.0,0.0,0.0,0,(),0.0,0.0
25750,,0.0,0.0,0.0,0,(),0.0,0.0
25755,,0.0,0.0,0.0,0,(),0.0,0.0
25760,,0.0,0.0,0.0,0,(),0.0,0.0
25765,,0.0,0.0,0.0,0,(),0.0,0.0
25770,,0.0,0.0,0.0,0,(),0.0,0.0
25775,,0.0,0.0,0.0,0,(),0.0,0.0
25780,,0.0,0.0,0.0,0,(),0.0,0.0
25785,,0.0,0.0,0.0,0,(),0.0,0.0
25790,,0.0,0.0,0.0,0,(),0.0,0.0
25795,,0.0,0.0,0.0,0,(),0.0,0.0
25800,,0.0,0.0,0.0,0,(),0.0,0.0
25805,,0.0,0.0,0.0,0,(),0.0,0.0
25810,,0.0,0.0,0.0,0,(),0.0,0.0
25815,,0.0,0.0,0.0,0,(),0.0,0.0
25820,,0.0,0.0,0.0,0,(),0.0,0.0
25825,,0.0,0.0,0.0,0,(),0.0,0.0
25830,,0.0,0.0,0.0,0,(),0.0,0.0
25835,,0.0,0.0,0.0,0,(),0.0,0.0
25840,,0.0,0.0,0.0,0,(),0.0,0.0
25845,,0.0,0.0,0.0,0,(),0.0,0.0
25850,,0.0,0.0,0.0,0,(),0.0,0.0
25855,,0.0,0.0,0.0,0,(),0.0,0.0
25860,,0.0,0.0,0.0,0,(),0.0,0.0
25865,,0.0,0.0,0.0,0,(),0.0,0.0
25870,,0.0,0.0,0.0,0,(),0.0,0.0
25875,,0.0,0.0,0.0,0,(),0.0,0.0
25880,,0.0,0.0,0.0,0,(),0.0,0.0
25885,,0.0,0.0,0.0,0,(),0.0,0.0
25890,,0.0,0.0,0.0,0,(),0.0,0.0
25895,,0.0,0.0,0.0,0,(),0.0,0.0
25900,,0.0,0.0,0.0,0,(),0.0,0.0
25905,,0.0,0.0,0.0,0,(),0.0,0.0
25910,,0.0,0.0,0.0,0,(),0.0,0.0
25915,,0.0,0.0,0.0,0,(),0.0,0.0
25920,,0.0,0.0,0.0,0,(),0.0,0.0
25925,,0.0,0.0,0.0,0,(),0.0,0.0
25930,,0.0,0.0,0.0,0,(),0.0,0.0
25935,,0.0,0.0,0.0,0,(),0.0,0.0
25940,,0.0,0.0,0.0,0,(),0.0,0.0
25945,,0.0,0.0,0.0,0,(),0.0,0.0
25950,,0.0,0.0,0.0,0,(),0.0,0.0
25955,,0.0,0.0,0.0,0,(),0.0,0.0
25960,,0.0,0.0,0.0,0,(),0.0,0.0
25965,,0.0,0.0,0.0,0,(),0.0,0.0
25970,,0.0,0.0,0.0,0,(),0.0,0.0
25975,,0.0,0.0,0.0,0,(),0.0,0.0
25980,,0.0,0.0,0.0,0,(),0.0,0.0
25985,,0.0,0.0,0.0,0,(),0.0,0.0
25990,,0.0,0.0,0.0,0,(),0.0,0.0
25995,,0.0,0.0,0.0,0,(),0.0,0.0
26000,,0.0,0.0,0.0,0,(),0.0,0.0
26005,,0.0,0.0,0.0,0,(),0.0,0.0
26010,,0.0,0.0,0.0,0,(),0.0,0.0
26015,,0.0,0.0,0.0,0,(),0.0,0.0
26020,,0.0,0.0,0.0,0,(),0.0,0.0
26025,,0.0,0.0,0.0,0,(),0.0,0.0
26030,,0.0,0.0,0.0,0,(),0.0,0.0
26035,,0.0,0.0,0.0,0,(),0.0,0.0
26040,,0.0,0.0,0.0,0,(),0.0,0.0
26045,,0.0,0.0,0.0,0,(),0.0,0.0
26050,,0.0,0.0,0.0,0,(),0.0,0.0
26055,,0.0,0.0,0.0,0,(),0.0,0.0
26060,,0.0,0.0,0.0,0,(),0.0,0.0
26065,,0.0,0.0,0.0,0,(),0.0,0.0
26070,,0.0,0.0,0.0,0,(),0.0,0.0
26075,,0.0,0.0,0.0,0,(),0.0,0.0
26080,,0.0,0.0,0.0,0,(),0.0,0.0
26085,,0.0,0.0,0.0,0,(),0.0,0.0
26090,,0.0,0.0,0.0,0,(),0.0,0.0
26095,,0.0,0.0,0.0,0,(),0.0,0.0
26100,,0.0,0.0,0.0,0,(),0.0,0.0
26105,,0.0,0.0,0.0,0,(),0.0,0.0
26110,,0.0,0.0,0.0,0,(),0.0,0.0
26115,,0.0,0.0,0.0,0,(),0.0,0.0
26120,,0.0,0.0,0.0,0,(),0.0,0.0
26125,,0.0,0.0,0.0,0,(),0.0,0.0
26130,,0.0,0.0,0.0,0,(),0.0,0.0
26135,,0.0,0.0,0.0,0,(),0.0,0.0
26140,,0.0,0.0,0.0,0,(),0.0,0.0
26145,,0.0,0.0,0.0,0,(),0.0,0.0
26150,,0.0,0.0,0.0,0,(),0.0,0.0
26155,,0.0,0.0,0.0,0,(),0.0,0.0
26160,,0.0,0.0,0.0,0,(),0.0,0.0
26165,,0.0,0.0,0.0,0,(),0.0,0.0
26170,,0.0,0.0,0.0,0,(),0.0,0.0
26175,,0.0,0.0,0.0,0,(),0.0,0.0
26180,,0.0,0.0,0.0,0,(),0.0,0.0
26185,,0.0,0.0,0.0,0,(),0.0,0.0
26190,,0.0,0.0,0.0,0,(),0.0,0.0
26195,,0.0,0.0,0.0,0,(),0.0,0.0
26200,,0.0,0.0,0.0,0,(),0.0,0.0
26205,,0.0,0.0,0.0,0,(),0.0,0.0
26210,,0.0,0.0,0.0,0,(),0.0,0.0
26215,,0.0,0.0,0.0,0,(),0.0,0.0
26220,,0.0,0.0,0.0,0,(),0.0,0.0
26225,,0.0,0.0,0.0,0,(),0.0,0.0
26230,,0.0,0.0,0.0,0,(),0.0,0.0
26235,,0.0,0.0,0.0,0,(),0.0,0.0
26240,,0.0,0.0,0.0,0,(),0.0,0.0
26245,,0.0,0.0,0.0,0,(),0.0,0.0
26250,,0.0,0.0,0.0,0,(),0.0,0.0
26255,,0.0,0.0,0.0,0,(),0.0,0.0
26260,,0.0,0.0,0.0,0,(),0.0,0.0
26265,,0.0,0.0,0.0,0,(),0.0,0.0
26270,,0.0,0.0,0.0,0,(),0.0,0.0
26275,,0.0,0.0,0.0,0,(),0.0,0.0
26280,,0.0,0.0,0.0,0,(),0.0,0.0
26285,,0.0,0.0,0.0,0,(),0.0,0.0
26290,,0.0,0.0,0.0,0,(),0.0,0.0
26295,,0.0,0.0,0.0,0,(),0.0,0.0
26300,,0.0,0.0,0.0,0,(),0.0,0.0
26305,,0.0,0.0,0.0,0,(),0.0,0.0
26310,,0.0,0.0,0.0,0,(),0.0,0.0
26315,,0.0,0.0,0.0,0,(),0.0,0.0
26320,,0.0,0.0,0.0,0,(),0.0,0.0
26325,,0.0,0.0,0.0,0,(),0.0,0.0
26330,,0.0,0.0,0.0,0,(),0.0,0.0
26335,,0.0,0.0,0.0,0,(),0.0,0.0
26340,,0.0,0.0,0.0,0,(),0.0,0.0
26345,,0.0,0.0,0.0,0,(),0.0,0.0
26350,,0.0,0.0,0.0,0,(),0.0,0.0
26355,,0.0,0.0,0.0,0,(),0.0,0.0
26360,,0.0,0.0,0.0,0,(),0.0,0.0
26365,,0.0,0.0,0.0,0,(),0.0,0.0
26370,,0.0,0.0,0.0,0,(),0.0,0.0
26375,,0.0,0.0,0.0,0,(),0.0,0.0
26380,,0.0,0.0,0.0,0,(),0.0,0.0
26385,,0.0,0.0,0.0,0,(),0.0,0.0
26390,,0.0,0.0,0.0,0,(),0.0,0.0
26395,,0.0,0.0,0.0,0,(),0.0,0.0
26400,,0.0,0.0,0.0,0,(),0.0,0.0
26405,,0.0,0.0,0.0,0,(),0.0,0.0
26410,,0.0,0.0,0.0,0,(),0.0,0.0
26415,,0.0,0.0,0.0,0,(),0.0,0.0
26420,,0.0,0.0,0.0,0,(),0.0,0.0
26425,,0.0,0.0,0.0,0,(),0.0,0.0
26430,,0.0,0.0,0.0,0,(),0.0,0.0
26435,,0.0,0.0,0.0,0,(),0.0,0.0
26440,,0.0,0.0,0.0,0,(),0.0,0.0
26445,,0.0,0.0,0.0,0,(),0.0,0.0
26450,,0.0,0.0,0.0,0,(),0.0,0.0
26455,,0.0,0.0,0.0,0,(),0.0,0.0
26460,,0.0,0.0,0.0,0,(),0.0,0.0
26465,,0.0,0.0,0.0,0,(),0.0,0.0
26470,,0.0,0.0,0.0,0,(),0.0,0.0
26475,,0.0,0.0,0.0,0,(),0.0,0.0
26480,,0.0,0.0,0.0,0,(),0.0,0.0
26485,,0.0,0.0,0.0,0,(),0.0,0.0
26490,,0.0,0.0,0.0,0,(),0.0,0.0
26495,,0.0,0.0,0.0,0,(),0.0,0.0
26500,,0.0,0.0,0.0,0,(),0.0,0.0
26505,,0.0,0.0,0.0,0,(),0.0,0.0
26510,,0.0,0.0,0.0,0,(),0.0,0.0
26515,,0.0,0.0,0.0,0,(),0.0,0.0
26520,,0.0,0.0,0.0,0,(),0.0,0.0
26525,,0.0,0.0,0.0,0,(),0.0,0.0
26530,,0.0,0.0,0.0,0,(),0.0,0.0
26535,,0.0,0.0,0.0,0,(),0.0,0.0
26540,,0.0,0.0,0.0,0,(),0.0,0.0
26545,,0.0,0.0,0.0,0,(),0.0,0.0
26550,,0.0,0.0,0.0,0,(),0.0,0.0
26555,,0.0,0.0,0.0,0,(),0.0,0.0
26560,,0.0,0.0,0.0,0,(),0.0,0.0
26565,,0.0,0.0,0.0,0,(),0.0,0.0
26570,,0.0,0.0,0.0,0,(),0.0,0.0
26575,,0.0,0.0,0.0,0,(),0.0,0.0
26580,,0.0,0.0,0.0,0,(),0.0,0.0
26585,,0.0,0.0,0.0,0,(),0.0,0.0
26590,,0.0,0.0,0.0,0,(),0.0,0.0
26595,,0.0,0.0,0.0,0,(),0.0,0.0
26600,,0.0,0.0,0.0,0,(),0.0,0.0
26605,,0.0,0.0,0.0,0,(),0.0,0.0
26610,,0.0,0.0,0.0,0,(),0.0,0.0
26615,,0.0,0.0,0.0,0,(),0.0,0.0
26620,,0.0,0.0,0.0,0,(),0.0,0.0
26625,,0.0,0.0,0.0,0,(),0.0,0.0
26630,,0.0,0.0,0.0,0,(),0.0,0.0
26635,,0.0,0.0,0.0,0,(),0.0,0.0
26640,,0.0,0.0,0.0,0,(),0.0,0.0
26645,,0.0,0.0,0.0,0,(),0.0,0.0
26650,,0.0,0.0,0.0,0,(),0.0,0.0
26655,,0.0,0.0,0.0,0,(),0.0,0.0
26660,,0.0,0.0,0.0,0,(),0.0,0.0
26665,,0.0,0.0,0.0,0,(),0.0,0.0
26670,,0.0,0.0,0.0,0,(),0.0,0.0
26675,,0.0,0.0,0.0,0,(),0.0,0.0
26680,,0.0,0.0,0.0,0,(),0.0,0.0
26685,,0.0,0.0,0.0,0,(),0.0,0.0
26690,,0.0,0.0,0.0,0,(),0.0,0.0
26695,,0.0,0.0,0.0,0,(),0.0,0.0
26700,,0.0,0.0,0.0,0,(),0.0,0.0
26705,,0.0,0.0,0.0,0,(),0.0,0.0
26710,,0.0,0.0,0.0,0,(),0.0,0.0
26715,,0.0,0.0,0.0,0,(),0.0,0.0
26720,,0.0,0.0,0.0,0,(),0.0,0.0
26725,,0.0,0.0,0.0,0,(),0.0,0.0
26730,,0.0,0.0,0.0,0,(),0.0,0.0
26735,,0.0,0.0,0.0,0,(),0.0,0.0
26740,,0.0,0.0,0.0,0,(),0.0,0.0
26745,,0.0,0.0,0.0,0,(),0.0,0.0
26750,,0.0,0.0,0.0,0,(),0.0,0.0
26755,,0.0,0.0,0.0,0,(),0.0,0.0
26760,,0.0,0.0,0.0,0,(),0.0,0.0
26765,,0.0,0.0,0.0,0,(),0.0,0.0
26770,,0.0,0.0,0.0,0,(),0.0,0.0
26775,,0.0,0.0,0.0,0,(),0.0,0.0
26780,,0.0,0.0,0.0,0,(),0.0,0.0
26785,,0.0,0.0,0.0,0,(),0.0,0.0
26790,,0.0,0.0,0.0,0,(),0.0,0.0
26795,,0.0,0.0,0.0,0,(),0.0,0.0
26800,,0.0,0.0,0.0,0,(),0.0,0.0
26805,,0.0,0.0,0.0,0,(),0.0,0.0
26810,,0.0,0.0,0.0,0,(),0.0,0.0
26815,,0.0,0.0,0.0,0,(),0.0,0.0
26820,,0.0,0.0,0.0,0,(),0.0,0.0
26825,,0.0,0.0,0.0,0,(),0.0,0.0
26830,,0.0,0.0,0.0,0,(),0.0,0.0
26835,,0.0,0.0,0.0,0,(),0.0,0.0
26840,,0.0,0.0,0.0,0,(),0.0,0.0
26845,,0.0,0.0,0.0,0,(),0.0,0.0
26850,,0.0,0.0,0.0,0,(),0.0,0.0
26855,,0.0,0.0,0.0,0,(),0.0,0.0
26860,,0.0,0.0,0.0,0,(),0.0,0.0
26865,,0.0,0.0,0.0,0,(),0.0,0.0
26870,,0.0,0.0,0.0,0,(),0.0,0.0
26875,,0.0,0.0,0.0,0,(),0.0,0.0
26880,,0.0,0.0,0.0,0,(),0.0,0.0
26885,,0.0,0.0,0.0,0,(),0.0,0.0
26890,,0.0,0.0,0.0,0,(),0.0,0.0
26895,,0.0,0.0,0.0,0,(),0.0,0.0
26900,,0.0,0.0,0.0,0,(),0.0,0.0
26905,,0.0,0.0,0.0,0,(),0.0,0.0
26910,,0.0,0.0,0.0,0,(),0.0,0.0
26915,,0.0,0.0,0.0,0,(),0.0,0.0
26920,,0.0,0.0,0.0,0,(),0.0,0.0
26925,,0.0,0.0,0.0,0,(),0.0,0.0
26930,,0.0,0.0,0.0,0,(),0.0,0.0
26935,,0.0,0.0,0.0,0,(),0.0,0.0
26940,,0.0,0.0,0.0,0,(),0.0,0.0
26945,,0.0,0.0,0.0,0,(),0.0,0.0
26950,,0.0,0.0,0.0,0,(),0.0,0.0
26955,,0.0,0.0,0.0,0,(),0.0,0.0
26960,,0.0,0.0,0.0,0,(),0.0,0.0
26965,,0.0,0.0,0.0,0,(),0.0,0.0
26970,,0.0,0.0,0.0,0,(),0.0,0.0
26975,,0.0,0.0,0.0,0,(),0.0,0.0
26980,,0.0,0.0,0.0,0,(),0.0,0.0
26985,,0.0,0.0,0.0,0,(),0.0,0.0
26990,,0.0,0.0,0.0,0,(),0.0,0.0
26995,,0.0,0.0,0.0,0,(),0.0,0.0
27000,,0.0,0.0,0.0,0,(),0.0,0.0
27005,,0.0,0.0,0.0,0,(),0.0,0.0
27010,,0.0,0.0,0.0,0,(),0.0,0.0
27015,,0.0,0.0,0.0,0,(),0.0,0.0
27020,,0.0,0.0,0.0,0,(),0.0,0.0
27025,,0.0,0.0,0.0,0,(),0.0,0.0
27030,,0.0,0.0,0.0,0,(),0.0,0.0
27035,,0.0,0.0,0.0,0,(),0.0,0.0
27040,,0.0,0.0,0.0,0,(),0.0,0.0
27045,,0.0,0.0,0.0,0,(),0.0,0.0
27050,,0.0,0.0,0.0,0,(),0.0,0.0
27055,,0.0,0.0,0.0,0,(),0.0,0.0
27060,,0.0,0.0,0.0,0,(),0.0,0.0
27065,,0.0,0.0,0.0,0,(),0.0,0.0
27070,,0.0,0.0,0.0,0,(),0.0,0.0
27075,,0.0,0.0,0.0,0,(),0.0,0.0
27080,,0.0,0.0,0.0,0,(),0.0,0.0
27085,,0.0,0.0,0.0,0,(),0.0,0.0
27090,,0.0,0.0,0.0,0,(),0.0,0.0
27095,,0.0,0.0,0.0,0,(),0.0,0.0
27100,,0.0,0.0,0.0,0,(),0.0,0.0
27105,,0.0,0.0,0.0,0,(),0.0,0.0
27110,,0.0,0.0,0.0,0,(),0.0,0.0
27115,,0.0,0.0,0.0,0,(),0.0,0.0
27120,,0.0,0.0,0.0,0,(),0.0,0.0
27125,,0.0,0.0,0.0,0,(),0.0,0.0
27130,,0.0,0.0,0.0,0,(),0.0,0.0
27135,,0.0,0.0,0.0,0,(),0.0,0.0
27140,,0.0,0.0,0.0,0,(),0.0,0.0
27145,,0.0,0.0,0.0,0,(),0.0,0.0
27150,,0.0,0.0,0.0,0,(),0.0,0.0
27155,,0.0,0.0,0.0,0,(),0.0,0.0
27160,,0.0,0.0,0.0,0,(),0.0,0.0
27165,,0.0,0.0,0.0,0,(),0.0,0.0
27170,,0.0,0.0,0.0,0,(),0.0,0.0
27175,,0.0,0.0,0.0,0,(),0.0,0.0
27180,,0.0,0.0,0.0,0,(),0.0,0.0
27185,,0.0,0.0,0.0,0,(),0.0,0.0
27190,,0.0,0.0,0.0,0,(),0.0,0.0
27195,,0.0,0.0,0.0,0,(),0.0,0.0
27200,,0.0,0.0,0.0,0,(),0.0,0.0
27205,,0.0,0.0,0.0,0,(),0.0,0.0
27210,,0.0,0.0,0.0,0,(),0.0,0.0
27215,,0.0,0.0,0.0,0,(),0.0,0.0
27220,,0.0,0.0,0.0,0,(),0.0,0.0
27225,,0.0,0.0,0.0,0,(),0.0,0.0
27230,,0.0,0.0,0.0,0,(),0.0,0.0
27235,,0.0,0.0,0.0,0,(),0.0,0.0
27240,,0.0,0.0,0.0,0,(),0.0,0.0
27245,,0.0,0.0,0.0,0,(),0.0,0.0
27250,,0.0,0.0,0.0,0,(),0.0,0.0
27255,,0.0,0.0,0.0,0,(),0.0,0.0
27260,,0.0,0.0,0.0,0,(),0.0,0.0
27265,,0.0,0.0,0.0,0,(),0.0,0.0
27270,,0.0,0.0,0.0,0,(),0.0,0.0
27275,,0.0,0.0,0.0,0,(),0.0,0.0
27280,,0.0,0.0,0.0,0,(),0.0,0.0
27285,,0.0,0.0,0.0,0,(),0.0,0.0
27290,,0.0,0.0,0.0,0,(),0.0,0.0
27295,,0.0,0.0,0.0,0,(),0.0,0.0
27300,,0.0,0.0,0.0,0,(),0.0,0.0
27305,,0.0,0.0,0.0,0,(),0.0,0.0
27310,,0.0,0.0,0.0,0,(),0.0,0.0
27315,,0.0,0.0,0.0,0,(),0.0,0.0
27320,,0.0,0.0,0.0,0,(),0.0,0.0
27325,,0.0,0.0,0.0,0,(),0.0,0.0
27330,,0.0,0.0,0.0,0,(),0.0,0.0
27335,,0.0,0.0,0.0,0,(),0.0,0.0
27340,,0.0,0.0,0.0,0,(),0.0,0.0
27345,,0.0,0.0,0.0,0,(),0.0,0.0
27350,,0.0,0.0,0.0,0,(),0.0,0.0
27355,,0.0,0.0,0.0,0,(),0.0,0.0
27360,,0.0,0.0,0.0,0,(),0.0,0.0
27365,,0.0,0.0,0.0,0,(),0.0,0.0
27370,,0.0,0.0,0.0,0,(),0.0,0.0
27375,,0.0,0.0,0.0,0,(),0.0,0.0
27380,,0.0,0.0,0.0,0,(),0.0,0.0
27385,,0.0,0.0,0.0,0,(),0.0,0.0
27390,,0.0,0.0,0.0,0,(),0.0,0.0
27395,,0.0,0.0,0.0,0,(),0.0,0.0
27400,,0.0,0.0,0.0,0,(),0.0,0.0
27405,,0.0,0.0,0.0,0,(),0.0,0.0
27410,,0.0,0.0,0.0,0,(),0.0,0.0
27415,,0.0,0.0,0.0,0,(),0.0,0.0
27420,,0.0,0.0,0.0,0,(),0.0,0.0
27425,,0.0,0.0,0.0,0,(),0.0,0.0
27430,,0.0,0.0,0.0,0,(),0.0,0.0
27435,,0.0,0.0,0.0,0,(),0.0,0.0
27440,,0.0,0.0,0.0,0,(),0.0,0.0
27445,,0.0,0.0,0.0,0,(),0.0,0.0
27450,,0.0,0.0,0.0,0,(),0.0,0.0
27455,,0.0,0.0,0.0,0,(),0.0,0.0
27460,,0.0,0.0,0.0,0,(),0.0,0.0
27465,,0.0,0.0,0.0,0,(),0.0,0.0
27470,,0.0,0.0,0.0,0,(),0.0,0.0
27475,,0.0,0.0,0.0,0,(),0.0,0.0
27480,,0.0,0.0,0.0,0,(),0.0,0.0
27485,,0.0,0.0,0.0,0,(),0.0,0.0
27490,,0.0,0.0,0.0,0,(),0.0,0.0
27495,,0.0,0.0,0.0,0,(),0.0,0.0
27500,,0.0,0.0,0.0,0,(),0.0,0.0
27505,,0.0,0.0,0.0,0,(),0.0,0.0
27510,,0.0,0.0,0.0,0,(),0.0,0.0
27515,,0.0,0.0,0.0,0,(),0.0,0.0
27520,,0.0,0.0,0.0,0,(),0.0,0.0
27525,,0.0,0.0,0.0,0,(),0.0,0.0
27530,,0.0,0.0,0.0,0,(),0.0,0.0
27535,,0.0,0.0,0.0,0,(),0.0,0.0
27540,,0.0,0.0,0.0,0,(),0.0,0.0
27545,,0.0,0.0,0.0,0,(),0.0,0.0
27550,,0.0,0.0,0.0,0,(),0.0,0.0
27555,,0.0,0.0,0.0,0,(),0.0,0.0
27560,,0.0,0.0,0.0,0,(),0.0,0.0
27565,,0.0,0.0,0.0,0,(),0.0,0.0
27570,,0.0,0.0,0.0,0,(),0.0,0.0
27575,,0.0,0.0,0.0,0,(),0.0,0.0
27580,,0.0,0.0,0.0,0,(),0.0,0.0
27585,,0.0,0.0,0.0,0,(),0.0,0.0
27590,,0.0,0.0,0.0,0,(),0.0,0.0
27595,,0.0,0.0,0.0,0,(),0.0,0.0
27600,,0.0,0.0,0.0,0,(),0.0,0.0
27605,,0.0,0.0,0.0,0,(),0.0,0.0
27610,,0.0,0.0,0.0,0,(),0.0,0.0
27615,,0.0,0.0,0.0,0,(),0.0,0.0
27620,,0.0,0.0,0.0,0,(),0.0,0.0
27625,,0.0,0.0,0.0,0,(),0.0,0.0
27630,,0.0,0.0,0.0,0,(),0.0,0.0
27635,,0.0,0.0,0.0,0,(),0.0,0.0
27640,,0.0,0.0,0.0,0,(),0.0,0.0
27645,,0.0,0.0,0.0,0,(),0.0,0.0
27650,,0.0,0.0,0.0,0,(),0.0,0.0
27655,,0.0,0.0,0.0,0,(),0.0,0.0
27660,,0.0,0.0,0.0,0,(),0.0,0.0
27665,,0.0,0.0,0.0,0,(),0.0,0.0
27670,,0.0,0.0,0.0,0,(),0.0,0.0
27675,,0.0,0.0,0.0,0,(),0.0,0.0
27680,,0.0,0.0,0.0,0,(),0.0,0.0
27685,,0.0,0.0,0.0,0,(),0.0,0.0
27690,,0.0,0.0,0.0,0,(),0.0,0.0
27695,,0.0,0.0,0.0,0,(),0.0,0.0
27700,,0.0,0.0,0.0,0,(),0.0,0.0
27705,,0.0,0.0,0.0,0,(),0.0,0.0
27710,,0.0,0.0,0.0,0,(),0.0,0.0
27715,,0.0,0.0,0.0,0,(),0.0,0.0
27720,,0.0,0.0,0.0,0,(),0.0,0.0
27725,,0.0,0.0,0.0,0,(),0.0,0.0
27730,,0.0,0.0,0.0,0,(),0.0,0.0
27735,,0.0,0.0,0.0,0,(),0.0,0.0
27740,,0.0,0.0,0.0,0,(),0.0,0.0
27745,,0.0,0.0,0.0,0,(),0.0,0.0
27750,,0.0,0.0,0.0,0,(),0.0,0.0
27755,,0.0,0.0,0.0,0,(),0.0,0.0
27760,,0.0,0.0,0.0,0,(),0.0,0.0
27765,,0.0,0.0,0.0,0,(),0.0,0.0
27770,,0.0,0.0,0.0,0,(),0.0,0.0
27775,,0.0,0.0,0.0,0,(),0.0,0.0
27780,,0.0,0.0,0.0,0,(),0.0,0.0
27785,,0.0,0.0,0.0,0,(),0.0,0.0
27790,,0.0,0.0,0.0,0,(),0.0,0.0
27795,,0.0,0.0,0.0,0,(),0.0,0.0
27800,,0.0,0.0,0.0,0,(),0.0,0.0
27805,,0.0,0.0,0.0,0,(),0.0,0.0
27810,,0.0,0.0,0.0,0,(),0.0,0.0
27815,,0.0,0.0,0.0,0,(),0.0,0.0
27820,,0.0,0.0,0.0,0,(),0.0,0.0
27825,,0.0,0.0,0.0,0,(),0.0,0.0
27830,,0.0,0.0,0.0,0,(),0.0,0.0
27835,,0.0,0.0,0.0,0,(),0.0,0.0
27840,,0.0,0.0,0.0,0,(),0.0,0.0
27845,,0.0,0.0,0.0,0,(),0.0,0.0
27850,,0.0,0.0,0.0,0,(),0.0,0.0
27855,,0.0,0.0,0.0,0,(),0.0,0.0
27860,,0.0,0.0,0.0,0,(),0.0,0.0
27865,,0.0,0.0,0.0,0,(),0.0,0.0
27870,,0.0,0.0,0.0,0,(),0.0,0.0
27875,,0.0,0.0,0.0,0,(),0.0,0.0
27880,,0.0,0.0,0.0,0,(),0.0,0.0
27885,,0.0,0.0,0.0,0,(),0.0,0.0
27890,,0.0,0.0,0.0,0,(),0.0,0.0
27895,,0.0,0.0,0.0,0,(),0.0,0.0
27900,,0.0,0.0,0.0,0,(),0.0,0.0
27905,,0.0,0.0,0.0,0,(),0.0,0.0
27910,,0.0,0.0,0.0,0,(),0.0,0.0
27915,,0.0,0.0,0.0,0,(),0.0,0.0
27920,,0.0,0.0,0.0,0,(),0.0,0.0
27925,,0.0,0.0,0.0,0,(),0.0,0.0
27930,,0.0,0.0,0.0,0,(),0.0,0.0
27935,,0.0,0.0,0.0,0,(),0.0,0.0
27940,,0.0,0.0,0.0,0,(),0.0,0.0
27945,,0.0,0.0,0.0,0,(),0.0,0.0
27950,,0.0,0.0,0.0,0,(),0.0,0.0
27955,,0.0,0.0,0.0,0,(),0.0,0.0
27960,,0.0,0.0,0.0,0,(),0.0,0.0
27965,,0.0,0.0,0.0,0,(),0.0,0.0
27970,,0.0,0.0,0.0,0,(),0.0,0.0
27975,,0.0,0.0,0.0,0,(),0.0,0.0
27980,,0.0,0.0,0.0,0,(),0.0,0.0
27985,,0.0,0.0,0.0,0,(),0.0,0.0
27990,,0.0,0.0,0.0,0,(),0.0,0.0
27995,,0.0,0.0,0.0,0,(),0.0,0.0
28000,,0.0,0.0,0.0,0,(),0.0,0.0
28005,,0.0,0.0,0.0,0,(),0.0,0.0
28010,,0.0,0.0,0.0,0,(),0.0,0.0
28015,,0.0,0.0,0.0,0,(),0.0,0.0
28020,,0.0,0.0,0.0,0,(),0.0,0.0
28025,,0.0,0.0,0.0,0,(),0.0,0.0
28030,,0.0,0.0,0.0,0,(),0.0,0.0
28035,,0.0,0.0,0.0,0,(),0.0,0.0
28040,,0.0,0.0,0.0,0,(),0.0,0.0
28045,,0.0,0.0,0.0,0,(),0.0,0.0
28050,,0.0,0.0,0.0,0,(),0.0,0.0
28055,,0.0,0.0,0.0,0,(),0.0,0.0
28060,,0.0,0.0,0.0,0,(),0.0,0.0
28065,,0.0,0.0,0.0,0,(),0.0,0.0
28070,,0.0,0.0,0.0,0,(),0.0,0.0
28075,,0.0,0.0,0.0,0,(),0.0,0.0
28080,,0.0,0.0,0.0,0,(),0.0,0.0
28085,,0.0,0.0,0.0,0,(),0.0,0.0
28090,,0.0,0.0,0.0,0,(),0.0,0.0
28095,,0.0,0.0,0.0,0,(),0.0,0.0
28100,,0.0,0.0,0.0,0,(),0.0,0.0
28105,,0.0,0.0,0.0,0,(),0.0,0.0
28110,,0.0,0.0,0.0,0,(),0.0,0.0
28115,,0.0,0.0,0.0,0,(),0.0,0.0
28120,,0.0,0.0,0.0,0,(),0.0,0.0
28125,,0.0,0.0,0.0,0,(),0.0,0.0
28130,,0.0,0.0,0.0,0,(),0.0,0.0
28135,,0.0,0.0,0.0,0,(),0.0,0.0
28140,,0.0,0.0,0.0,0,(),0.0,0.0
28145,,0.0,0.0,0.0,0,(),0.0,0.0
28150,,0.0,0.0,0.0,0,(),0.0,0.0
28155,,0.0,0.0,0.0,0,(),0.0,0.0
28160,,0.0,0.0,0.0,0,(),0.0,0.0
28165,,0.0,0.0,0.0,0,(),0.0,0.0
28170,,0.0,0.0,0.0,0,(),0.0,0.0
28175,,0.0,0.0,0.0,0,(),0.0,0.0
28180,,0.0,0.0,0.0,0,(),0.0,0.0
28185,,0.0,0.0,0.0,0,(),0.0,0.0
28190,,0.0,0.0,0.0,0,(),0.0,0.0
28195,,0.0,0.0,0.0,0,(),0.0,0.0
28200,,0.0,0.0,0.0,0,(),0.0,0.0
28205,,0.0,0.0,0.0,0,(),0.0,0.0
28210,,0.0,0.0,0.0,0,(),0.0,0.0
28215,,0.0,0.0,0.0,0,(),0.0,0.0
28220,,0.0,0.0,0.0,0,(),0.0,0.0
28225,,0.0,0.0,0.0,0,(),0.0,0.0
28230,,0.0,0.0,0.0,0,(),0.0,0.0
28235,,0.0,0.0,0.0,0,(),0.0,0.0
28240,,0.0,0.0,0.0,0,(),0.0,0.0
28245,,0.0,0.0,0.0,0,(),0.0,0.0
28250,,0.0,0.0,0.0,0,(),0.0,0.0
28255,,0.0,0.0,0.0,0,(),0.0,0.0
28260,,0.0,0.0,0.0,0,(),0.0,0.0
28265,,0.0,0.0,0.0,0,(),0.0,0.0
28270,,0.0,0.0,0.0,0,(),0.0,0.0
28275,,0.0,0.0,0.0,0,(),0.0,0.0
28280,,0.0,0.0,0.0,0,(),0.0,0.0
28285,,0.0,0.0,0.0,0,(),0.0,0.0
28290,,0.0,0.0,0.0,0,(),0.0,0.0
28295,,0.0,0.0,0.0,0,(),0.0,0.0
28300,,0.0,0.0,0.0,0,(),0.0,0.0
28305,,0.0,0.0,0.0,0,(),0.0,0.0
28310,,0.0,0.0,0.0,0,(),0.0,0.0
28315,,0.0,0.0,0.0,0,(),0.0,0.0
28320,,0.0,0.0,0.0,0,(),0.0,0.0
28325,,0.0,0.0,0.0,0,(),0.0,0.0
28330,,0.0,0.0,0.0,0,(),0.0,0.0
28335,,0.0,0.0,0.0,0,(),0.0,0.0
28340,,0.0,0.0,0.0,0,(),0.0,0.0
28345,,0.0,0.0,0.0,0,(),0.0,0.0
28350,,0.0,0.0,0.0,0,(),0.0,0.0
28355,,0.0,0.0,0.0,0,(),0.0,0.0
28360,,0.0,0.0,0.0,0,(),0.0,0.0
28365,,0.0,0.0,0.0,0,(),0.0,0.0
28370,,0.0,0.0,0.0,0,(),0.0,0.0
28375,,0.0,0.0,0.0,0,(),0.0,0.0
28380,,0.0,0.0,0.0,0,(),0.0,0.0
28385,,0.0,0.0,0.0,0,(),0.0,0.0
28390,,0.0,0.0,0.0,0,(),0.0,0.0
28395,,0.0,0.0,0.0,0,(),0.0,0.0
28400,,0.0,0.0,0.0,0,(),0.0,0.0
28405,,0.0,0.0,0.0,0,(),0.0,0.0
28410,,0.0,0.0,0.0,0,(),0.0,0.0
28415,,0.0,0.0,0.0,0,(),0.0,0.0
28420,,0.0,0.0,0.0,0,(),0.0,0.0
28425,,0.0,0.0,0.0,0,(),0.0,0.0
28430,,0.0,0.0,0.0,0,(),0.0,0.0
28435,,0.0,0.0,0.0,0,(),0.0,0.0
28440,,0.0,0.0,0.0,0,(),0.0,0.0
28445,,0.0,0.0,0.0,0,(),0.0,0.0
28450,,0.0,0.0,0.0,0,(),0.0,0.0
28455,,0.0,0.0,0.0,0,(),0.0,0.0
28460,,0.0,0.0,0.0,0,(),0.0,0.0
28465,,0.0,0.0,0.0,0,(),0.0,0.0
28470,,0.0,0.0,0.0,0,(),0.0,0.0
28475,,0.0,0.0,0.0,0,(),0.0,0.0
28480,,0.0,0.0,0.0,0,(),0.0,0.0
28485,,0.0,0.0,0.0,0,(),0.0,0.0
28490,,0.0,0.0,0.0,0,(),0.0,0.0
28495,,0.0,0.0,0.0,0,(),0.0,0.0
28500,,0.0,0.0,0.0,0,(),0.0,0.0
28505,,0.0,0.0,0.0,0,(),0.0,0.0
28510,,0.0,0.0,0.0,0,(),0.0,0.0
28515,,0.0,0.0,0.0,0,(),0.0,0.0
28520,,0.0,0.0,0.0,0,(),0.0,0.0
28525,,0.0,0.0,0.0,0,(),0.0,0.0
28530,,0.0,0.0,0.0,0,(),0.0,0.0
28535,,0.0,0.0,0.0,0,(),0.0,0.0
28540,,0.0,0.0,0.0,0,(),0.0,0.0
28545,,0.0,0.0,0.0,0,(),0.0,0.0
28550,,0.0,0.0,0.0,0,(),0.0,0.0
28555,,0.0,0.0,0.0,0,(),0.0,0.0
28560,,0.0,0.0,0.0,0,(),0.0,0.0
28565,,0.0,0.0,0.0,0,(),0.0,0.0
28570,,0.0,0.0,0.0,0,(),0.0,0.0
28575,,0.0,0.0,0.0,0,(),0.0,0.0
28580,,0.0,0.0,0.0,0,(),0.0,0.0
28585,,0.0,0.0,0.0,0,(),0.0,0.0
28590,,0.0,0.0,0.0,0,(),0.0,0.0
28595,,0.0,0.0,0.0,0,(),0.0,0.0
28600,,0.0,0.0,0.0,0,(),0.0,0.0
28605,,0.0,0.0,0.0,0,(),0.0,0.0
28610,,0.0,0.0,0.0,0,(),0.0,0.0
28615,,0.0,0.0,0.0,0,(),0.0,0.0
28620,,0.0,0.0,0.0,0,(),0.0,0.0
28625,,0.0,0.0,0.0,0,(),0.0,0.0
28630,,0.0,0.0,0.0,0,(),0.0,0.0
28635,,0.0,0.0,0.0,0,(),0.0,0.0
28640,,0.0,0.0,0.0,0,(),0.0,0.0
28645,,0.0,0.0,0.0,0,(),0.0,0.0
28650,,0.0,0.0,0.0,0,(),0.0,0.0
28655,,0.0,0.0,0.0,0,(),0.0,0.0
28660,,0.0,0.0,0.0,0,(),0.0,0.0
28665,,0.0,0.0,0.0,0,(),0.0,0.0
28670,,0.0,0.0,0.0,0,(),0.0,0.0
28675,,0.0,0.0,0.0,0,(),0.0,0.0
28680,,0.0,0.0,0.0,0,(),0.0,0.0
28685,,0.0,0.0,0.0,0,(),0.0,0.0
28690,,0.0,0.0,0.0,0,(),0.0,0.0
28695,,0.0,0.0,0.0,0,(),0.0,0.0
28700,,0.0,0.0,0.0,0,(),0.0,0.0
28705,,0.0,0.0,0.0,0,(),0.0,0.0
28710,,0.0,0.0,0.0,0,(),0.0,0.0
28715,,0.0,0.0,0.0,0,(),0.0,0.0
28720,,0.0,0.0,0.0,0,(),0.0,0.0
28725,,0.0,0.0,0.0,0,(),0.0,0.0
28730,,0.0,0.0,0.0,0,(),0.0,0.0
28735,,0.0,0.0,0.0,0,(),0.0,0.0
28740,,0.0,0.0,0.0,0,(),0.0,0.0
28745,,0.0,0.0,0.0,0,(),0.0,0.0
28750,,0.0,0.0,0.0,0,(),0.0,0.0
28755,,0.0,0.0,0.0,0,(),0.0,0.0
28760,,0.0,0.0,0.0,0,(),0.0,0.0
28765,,0.0,0.0,0.0,0,(),0.0,0.0
28770,,0.0,0.0,0.0,0,(),0.0,0.0
28775,,0.0,0.0,0.0,0,(),0.0,0.0
28780,,0.0,0.0,0.0,0,(),0.0,0.0
28785,,0.0,0.0,0.0,0,(),0.0,0.0
28790,,0.0,0.0,0.0,0,(),0.0,0.0
28795,,0.0,0.0,0.0,0,(),0.0,0.0
28800,,0.0,0.0,0.0,0,(),0.0,0.0
28805,,0.0,0.0,0.0,0,(),0.0,0.0
28810,,0.0,0.0,0.0,0,(),0.0,0.0
28815,,0.0,0.0,0.0,0,(),0.0,0.0
28820,,0.0,0.0,0.0,0,(),0.0,0.0
28825,,0.0,0.0,0.0,0,(),0.0,0.0
28830,,0.0,0.0,0.0,0,(),0.0,0.0
28835,,0.0,0.0,0.0,0,(),0.0,0.0
28840,,0.0,0.0,0.0,0,(),0.0,0.0
28845,,0.0,0.0,0.0,0,(),0.0,0.0
28850,,0.0,0.0,0.0,0,(),0.0,0.0
28855,,0.0,0.0,0.0,0,(),0.0,0.0
28860,,0.0,0.0,0.0,0,(),0.0,0.0
28865,,0.0,0.0,0.0,0,(),0.0,0.0
28870,,0.0,0.0,0.0,0,(),0.0,0.0
28875,,0.0,0.0,0.0,0,(),0.0,0.0
28880,,0.0,0.0,0.0,0,(),0.0,0.0
28885,,0.0,0.0,0.0,0,(),0.0,0.0
28890,,0.0,0.0,0.0,0,(),0.0,0.0
28895,,0.0,0.0,0.0,0,(),0.0,0.0
28900,,0.0,0.0,0.0,0,(),0.0,0.0
28905,,0.0,0.0,0.0,0,(),0.0,0.0
28910,,0.0,0.0,0.0,0,(),0.0,0.0
28915,,0.0,0.0,0.0,0,(),0.0,0.0
28920,,0.0,0.0,0.0,0,(),0.0,0.0
28925,,0.0,0.0,0.0,0,(),0.0,0.0
28930,,0.0,0.0,0.0,0,(),0.0,0.0
28935,,0.0,0.0,0.0,0,(),0.0,0.0
28940,,0.0,0.0,0.0,0,(),0.0,0.0
28945,,0.0,0.0,0.0,0,(),0.0,0.0
28950,,0.0,0.0,0.0,0,(),0.0,0.0
28955,,0.0,0.0,0.0,0,(),0.0,0.0
28960,,0.0,0.0,0.0,0,(),0.0,0.0
28965,,0.0,0.0,0.0,0,(),0.0,0.0
28970,,0.0,0.0,0.0,0,(),0.0,0.0
28975,,0.0,0.0,0.0,0,(),0.0,0.0
28980,,0.0,0.0,0.0,0,(),0.0,0.0
28985,,0.0,0.0,0.0,0,(),0.0,0.0
28990,,0.0,0.0,0.0,0,(),0.0,0.0
28995,,0.0,0.0,0.0,0,(),0.0,0.0
29000,,0.0,0.0,0.0,0,(),0.0,0.0
29005,,0.0,0.0,0.0,0,(),0.0,0.0
29010,,0.0,0.0,0.0,0,(),0.0,0.0
29015,,0.0,0.0,0.0,0,(),0.0,0.0
29020,,0.0,0.0,0.0,0,(),0.0,0.0
29025,,0.0,0.0,0.0,0,(),0.0,0.0
29030,,0.0,0.0,0.0,0,(),0.0,0.0
29035,,0.0,0.0,0.0,0,(),0.0,0.0
29040,,0.0,0.0,0.0,0,(),0.0,0.0
29045,,0.0,0.0,0.0,0,(),0.0,0.0
29050,,0.0,0.0,0.0,0,(),0.0,0.0
29055,,0.0,0.0,0.0,0,(),0.0,0.0
29060,,0.0,0.0,0.0,0,(),0.0,0.0
29065,,0.0,0.0,0.0,0,(),0.0,0.0
29070,,0.0,0.0,0.0,0,(),0.0,0.0
29075,,0.0,0.0,0.0,0,(),0.0,0.0
29080,,0.0,0.0,0.0,0,(),0.0,0.0
29085,,0.0,0.0,0.0,0,(),0.0,0.0
29090,,0.0,0.0,0.0,0,(),0.0,0.0
29095,,0.0,0.0,0.0,0,(),0.0,0.0
29100,,0.0,0.0,0.0,0,(),0.0,0.0
29105,,0.0,0.0,0.0,0,(),0.0,0.0
29110,,0.0,0.0,0.0,0,(),0.0,0.0
29115,,0.0,0.0,0.0,0,(),0.0,0.0
29120,,0.0,0.0,0.0,0,(),0.0,0.0
29125,,0.0,0.0,0.0,0,(),0.0,0.0
29130,,0.0,0.0,0.0,0,(),0.0,0.0
29135,,0.0,0.0,0.0,0,(),0.0,0.0
29140,,0.0,0.0,0.0,0,(),0.0,0.0
29145,,0.0,0.0,0.0,0,(),0.0,0.0
29150,,0.0,0.0,0.0,0,(),0.0,0.0
29155,,0.0,0.0,0.0,0,(),0.0,0.0
29160,,0.0,0.0,0.0,0,(),0.0,0.0
29165,,0.0,0.0,0.0,0,(),0.0,0.0
29170,,0.0,0.0,0.0,0,(),0.0,0.0
29175,,0.0,0.0,0.0,0,(),0.0,0.0
29180,,0.0,0.0,0.0,0,(),0.0,0.0
29185,,0.0,0.0,0.0,0,(),0.0,0.0
29190,,0.0,0.0,0.0,0,(),0.0,0.0
29195,,0.0,0.0,0.0,0,(),0.0,0.0
29200,,0.0,0.0,0.0,0,(),0.0,0.0
29205,,0.0,0.0,0.0,0,(),0.0,0.0
29210,,0.0,0.0,0.0,0,(),0.0,0.0
29215,,0.0,0.0,0.0,0,(),0.0,0.0
29220,,0.0,0.0,0.0,0,(),0.0,0.0
29225,,0.0,0.0,0.0,0,(),0.0,0.0
29230,,0.0,0.0,0.0,0,(),0.0,0.0
29235,,0.0,0.0,0.0,0,(),0.0,0.0
29240,,0.0,0.0,0.0,0,(),0.0,0.0
29245,,0.0,0.0,0.0,0,(),0.0,0.0
29250,,0.0,0.0,0.0,0,(),0.0,0.0
29255,,0.0,0.0,0.0,0,(),0.0,0.0
29260,,0.0,0.0,0.0,0,(),0.0,0.0
29265,,0.0,0.0,0.0,0,(),0.0,0.0
29270,,0.0,0.0,0.0,0,(),0.0,0.0
29275,,0.0,0.0,0.0,0,(),0.0,0.0
29280,,0.0,0.0,0.0,0,(),0.0,0.0
29285,,0.0,0.0,0.0,0,(),0.0,0.0
29290,,0.0,0.0,0.0,0,(),0.0,0.0
29295,,0.0,0.0,0.0,0,(),0.0,0.0
29300,,0.0,0.0,0.0,0,(),0.0,0.0
29305,,0.0,0.0,0.0,0,(),0.0,0.0
29310,,0.0,0.0,0.0,0,(),0.0,0.0
29315,,0.0,0.0,0.0,0,(),0.0,0.0
29320,,0.0,0.0,0.0,0,(),0.0,0.0
29325,,0.0,0.0,0.0,0,(),0.0,0.0
29330,,0.0,0.0,0.0,0,(),0.0,0.0
29335,,0.0,0.0,0.0,0,(),0.0,0.0
29340,,0.0,0.0,0.0,0,(),0.0,0.0
29345,,0.0,0.0,0.0,0,(),0.0,0.0
29350,,0.0,0.0,0.0,0,(),0.0,0.0
29355,,0.0,0.0,0.0,0,(),0.0,0.0
29360,,0.0,0.0,0.0,0,(),0.0,0.0
29365,,0.0,0.0,0.0,0,(),0.0,0.0
29370,,0.0,0.0,0.0,0,(),0.0,0.0
29375,,0.0,0.0,0.0,0,(),0.0,0.0
29380,,0.0,0.0,0.0,0,(),0.0,0.0
29385,,0.0,0.0,0.0,0,(),0.0,0.0
29390,,0.0,0.0,0.0,0,(),0.0,0.0
29395,,0.0,0.0,0.0,0,(),0.0,0.0
29400,,0.0,0.0,0.0,0,(),0.0,0.0
29405,,0.0,0.0,0.0,0,(),0.0,0.0
29410,,0.0,0.0,0.0,0,(),0.0,0.0
29415,,0.0,0.0,0.0,0,(),0.0,0.0
29420,,0.0,0.0,0.0,0,(),0.0,0.0
29425,,0.0,0.0,0.0,0,(),0.0,0.0
29430,,0.0,0.0,0.0,0,(),0.0,0.0
29435,,0.0,0.0,0.0,0,(),0.0,0.0
29440,,0.0,0.0,0.0,0,(),0.0,0.0
29445,,0.0,0.0,0.0,0,(),0.0,0.0
29450,,0.0,0.0,0.0,0,(),0.0,0.0
29455,,0.0,0.0,0.0,0,(),0.0,0.0
29460,,0.0,0.0,0.0,0,(),0.0,0.0
29465,,0.0,0.0,0.0,0,(),0.0,0.0
29470,,0.0,0.0,0.0,0,(),0.0,0.0
29475,,0.0,0.0,0.0,0,(),0.0,0.0
29480,,0.0,0.0,0.0,0,(),0.0,0.0
29485,,0.0,0.0,0.0,0,(),0.0,0.0
29490,,0.0,0.0,0.0,0,(),0.0,0.0
29495,,0.0,0.0,0.0,0,(),0.0,0.0
29500,,0.0,0.0,0.0,0,(),0.0,0.0
29505,,0.0,0.0,0.0,0,(),0.0,0.0
29510,,0.0,0.0,0.0,0,(),0.0,0.0
29515,,0.0,0.0,0.0,0,(),0.0,0.0
29520,,0.0,0.0,0.0,0,(),0.0,0.0
29525,,0.0,0.0,0.0,0,(),0.0,0.0
29530,,0.0,0.0,0.0,0,(),0.0,0.0
29535,,0.0,0.0,0.0,0,(),0.0,0.0
29540,,0.0,0.0,0.0,0,(),0.0,0.0
29545,,0.0,0.0,0.0,0,(),0.0,0.0
29550,,0.0,0.0,0.0,0,(),0.0,0.0
29555,,0.0,0.0,0.0,0,(),0.0,0.0
29560,,0.0,0.0,0.0,0,(),0.0,0.0
29565,,0.0,0.0,0.0,0,(),0.0,0.0
29570,,0.0,0.0,0.0,0,(),0.0,0.0
29575,,0.0,0.0,0.0,0,(),0.0,0.0
29580,,0.0,0.0,0.0,0,(),0.0,0.0
29585,,0.0,0.0,0.0,0,(),0.0,0.0
29590,,0.0,0.0,0.0,0,(),0.0,0.0
29595,,0.0,0.0,0.0,0,(),0.0,0.0
29600,,0.0,0.0,0.0,0,(),0.0,0.0
29605,,0.0,0.0,0.0,0,(),0.0,0.0
29610,,0.0,0.0,0.0,0,(),0.0,0.0
29615,,0.0,0.0,0.0,0,(),0.0,0.0
29620,,0.0,0.0,0.0,0,(),0.0,0.0
29625,,0.0,0.0,0.0,0,(),0.0,0.0
29630,,0.0,0.0,0.0,0,(),0.0,0.0
29635,,0.0,0.0,0.0,0,(),0.0,0.0
29640,,0.0,0.0,0.0,0,(),0.0,0.0
29645,,0.0,0.0,0.0,0,(),0.0,0.0
29650,,0.0,0.0,0.0,0,(),0.0,0.0
29655,,0.0,0.0,0.0,0,(),0.0,0.0
29660,,0.0,0.0,0.0,0,(),0.0,0.0
29665,,0.0,0.0,0.0,0,(),0.0,0.0
29670,,0.0,0.0,0.0,0,(),0.0,0.0
29675,,0.0,0.0,0.0,0,(),0.0,0.0
29680,,0.0,0.0,0.0,0,(),0.0,0.0
29685,,0.0,0.0,0.0,0,(),0.0,0.0
29690,,0.0,0.0,0.0,0,(),0.0,0.0
29695,,0.0,0.0,0.0,0,(),0.0,0.0
29700,,0.0,0.0,0.0,0,(),0.0,0.0
29705,,0.0,0.0,0.0,0,(),0.0,0.0
29710,,0.0,0.0,0.0,0,(),0.0,0.0
29715,,0.0,0.0,0.0,0,(),0.0,0.0
29720,,0.0,0.0,0.0,0,(),0.0,0.0
29725,,0.0,0.0,0.0,0,(),0.0,0.0
29730,,0.0,0.0,0.0,0,(),0.0,0.0
29735,,0.0,0.0,0.0,0,(),0.0,0.0
29740,,0.0,0.0,0.0,0,(),0.0,0.0
29745,,0.0,0.0,0.0,0,(),0.0,0.0
29750,,0.0,0.0,0.0,0,(),0.0,0.0
29755,,0.0,0.0,0.0,0,(),0.0,0.0
29760,,0.0,0.0,0.0,0,(),0.0,0.0
29765,,0.0,0.0,0.0,0,(),0.0,0.0
29770,,0.0,0.0,0.0,0,(),0.0,0.0
29775,,0.0,0.0,0.0,0,(),0.0,0.0
29780,,0.0,0.0,0.0,0,(),0.0,0.0
29785,,0.0,0.0,0.0,0,(),0.0,0.0
29790,,0.0,0.0,0.0,0,(),0.0,0.0
29795,,0.0,0.0,0.0,0,(),0.0,0.0
29800,,0.0,0.0,0.0,0,(),0.0,0.0
29805,,0.0,0.0,0.0,0,(),0.0,0.0
29810,,0.0,0.0,0.0,0,(),0.0,0.0
29815,,0.0,0.0,0.0,0,(),0.0,0.0
29820,,0.0,0.0,0.0,0,(),0.0,0.0
29825,,0.0,0.0,0.0,0,(),0.0,0.0
29830,,0.0,0.0,0.0,0,(),0.0,0.0
29835,,0.0,0.0,0.0,0,(),0.0,0.0
29840,,0.0,0.0,0.0,0,(),0.0,0.0
29845,,0.0,0.0,0.0,0,(),0.0,0.0
29850,,0.0,0.0,0.0,0,(),0.0,0.0
29855,,0.0,0.0,0.0,0,(),0.0,0.0
29860,,0.0,0.0,0.0,0,(),0.0,0.0
29865,,0.0,0.0,0.0,0,(),0.0,0.0
29870,,0.0,0.0,0.0,0,(),0.0,0.0
29875,,0.0,0.0,0.0,0,(),0.0,0.0
29880,,0.0,0.0,0.0,0,(),0.0,0.0
29885,,0.0,0.0,0.0,0,(),0.0,0.0
29890,,0.0,0.0,0.0,0,(),0.0,0.0
29895,,0.0,0.0,0.0,0,(),0.0,0.0
29900,,0.0,0.0,0.0,0,(),0.0,0.0
29905,,0.0,0.0,0.0,0,(),0.0,0.0
29910,,0.0,0.0,0.0,0,(),0.0,0.0
29915,,0.0,0.0,0.0,0,(),0.0,0.0
29920,,0.0,0.0,0.0,0,(),0.0,0.0
29925,,0.0,0.0,0.0,0,(),0.0,0.0
29930,,0.0,0.0,0.0,0,(),0.0,0.0
29935,,0.0,0.0,0.0,0,(),0.0,0.0
29940,,0.0,0.0,0.0,0,(),0.0,0.0
29945,,0.0,0.0,0.0,0,(),0.0,0.0
29950,,0.0,0.0,0.0,0,(),0.0,0.0
29955,,0.0,0.0,0.0,0,(),0.0,0.0
29960,,0.0,0.0,0.0,0,(),0.0,0.0
29965,,0.0,0.0,0.0,0,(),0.0,0.0
29970,,0.0,0.0,0.0,0,(),0.0,0.0
29975,,0.0,0.0,0.0,0,(),0.0,0.0
29980,,0.0,0.0,0.0,0,(),0.0,0.0
29985,,0.0,0.0,0.0,0,(),0.0,0.0
29990,,0.0,0.0,0.0,0,(),0.0,0.0
29995,,0.0,0.0,0.0,0,(),0.0,0.0
30000,,0.0,0.0,0.0,0,(),0.0,0.0
30005,,0.0,0.0,0.0,0,(),0.0,0.0
30010,,0.0,0.0,0.0,0,(),0.0,0.0
30015,,0.0,0.0,0.0,0,(),0.0,0.0
30020,,0.0,0.0,0.0,0,(),0.0,0.0
30025,,0.0,0.0,0.0,0,(),0.0,0.0
30030,,0.0,0.0,0.0,0,(),0.0,0.0
30035,,0.0,0.0,0.0,0,(),0.0,0.0
30040,,0.0,0.0,0.0,0,(),0.0,0.0
30045,,0.0,0.0,0.0,0,(),0.0,0.0
30050,,0.0,0.0,0.0,0,(),0.0,0.0
30055,,0.0,0.0,0.0,0,(),0.0,0.0
30060,,0.0,0.0,0.0,0,(),0.0,0.0
30065,,0.0,0.0,0.0,0,(),0.0,0.0
30070,,0.0,0.0,0.0,0,(),0.0,0.0
30075,,0.0,0.0,0.0,0,(),0.0,0.0
30080,,0.0,0.0,0.0,0,(),0.0,0.0
30085,,0.0,0.0,0.0,0,(),0.0,0.0
30090,,0.0,0.0,0.0,0,(),0.0,0.0
30095,,0.0,0.0,0.0,0,(),0.0,0.0
30100,,0.0,0.0,0.0,0,(),0.0,0.0
30105,,0.0,0.0,0.0,0,(),0.0,0.0
30110,,0.0,0.0,0.0,0,(),0.0,0.0
30115,,0.0,0.0,0.0,0,(),0.0,0.0
30120,,0.0,0.0,0.0,0,(),0.0,0.0
30125,,0.0,0.0,0.0,0,(),0.0,0.0
30130,,0.0,0.0,0.0,0,(),0.0,0.0
30135,,0.0,0.0,0.0,0,(),0.0,0.0
30140,,0.0,0.0,0.0,0,(),0.0,0.0
30145,,0.0,0.0,0.0,0,(),0.0,0.0
30150,,0.0,0.0,0.0,0,(),0.0,0.0
30155,,0.0,0.0,0.0,0,(),0.0,0.0
30160,,0.0,0.0,0.0,0,(),0.0,0.0
30165,,0.0,0.0,0.0,0,(),0.0,0.0
30170,,0.0,0.0,0.0,0,(),0.0,0.0
30175,,0.0,0.0,0.0,0,(),0.0,0.0
30180,,0.0,0.0,0.0,0,(),0.0,0.0
30185,,0.0,0.0,0.0,0,(),0.0,0.0
30190,,0.0,0.0,0.0,0,(),0.0,0.0
30195,,0.0,0.0,0.0,0,(),0.0,0.0
30200,,0.0,0.0,0.0,0,(),0.0,0.0
30205,,0.0,0.0,0.0,0,(),0.0,0.0
30210,,0.0,0.0,0.0,0,(),0.0,0.0
30215,,0.0,0.0,0.0,0,(),0.0,0.0
30220,,0.0,0.0,0.0,0,(),0.0,0.0
30225,,0.0,0.0,0.0,0,(),0.0,0.0
30230,,0.0,0.0,0.0,0,(),0.0,0.0
30235,,0.0,0.0,0.0,0,(),0.0,0.0
30240,,0.0,0.0,0.0,0,(),0.0,0.0
30245,,0.0,0.0,0.0,0,(),0.0,0.0
30250,,0.0,0.0,0.0,0,(),0.0,0.0
30255,,0.0,0.0,0.0,0,(),0.0,0.0
30260,,0.0,0.0,0.0,0,(),0.0,0.0
30265,,0.0,0.0,0.0,0,(),0.0,0.0
30270,,0.0,0.0,0.0,0,(),0.0,0.0
30275,,0.0,0.0,0.0,0,(),0.0,0.0
30280,,0.0,0.0,0.0,0,(),0.0,0.0
30285,,0.0,0.0,0.0,0,(),0.0,0.0
30290,,0.0,0.0,0.0,0,(),0.0,0.0
30295,,0.0,0.0,0.0,0,(),0.0,0.0
30300,,0.0,0.0,0.0,0,(),0.0,0.0
30305,,0.0,0.0,0.0,0,(),0.0,0.0
30310,,0.0,0.0,0.0,0,(),0.0,0.0
30315,,0.0,0.0,0.0,0,(),0.0,0.0
30320,,0.0,0.0,0.0,0,(),0.0,0.0
30325,,0.0,0.0,0.0,0,(),0.0,0.0
30330,,0.0,0.0,0.0,0,(),0.0,0.0
30335,,0.0,0.0,0.0,0,(),0.0,0.0
30340,,0.0,0.0,0.0,0,(),0.0,0.0
30345,,0.0,0.0,0.0,0,(),0.0,0.0
30350,,0.0,0.0,0.0,0,(),0.0,0.0
30355,,0.0,0.0,0.0,0,(),0.0,0.0
30360,,0.0,0.0,0.0,0,(),0.0,0.0
30365,,0.0,0.0,0.0,0,(),0.0,0.0
30370,,0.0,0.0,0.0,0,(),0.0,0.0
30375,,0.0,0.0,0.0,0,(),0.0,0.0
30380,,0.0,0.0,0.0,0,(),0.0,0.0
30385,,0.0,0.0,0.0,0,(),0.0,0.0
30390,,0.0,0.0,0.0,0,(),0.0,0.0
30395,,0.0,0.0,0.0,0,(),0.0,0.0
30400,,0.0,0.0,0.0,0,(),0.0,0.0
30405,,0.0,0.0,0.0,0,(),0.0,0.0
30410,,0.0,0.0,0.0,0,(),0.0,0.0
30415,,0.0,0.0,0.0,0,(),0.0,0.0
30420,,0.0,0.0,0.0,0,(),0.0,0.0
30425,,0.0,0.0,0.0,0,(),0.0,0.0
30430,,0.0,0.0,0.0,0,(),0.0,0.0
30435,,0.0,0.0,0.0,0,(),0.0,0.0
30440,,0.0,0.0,0.0,0,(),0.0,0.0
30445,,0.0,0.0,0.0,0,(),0.0,0.0
30450,,0.0,0.0,0.0,0,(),0.0,0.0
30455,,0.0,0.0,0.0,0,(),0.0,0.0
30460,,0.0,0.0,0.0,0,(),0.0,0.0
30465,,0.0,0.0,0.0,0,(),0.0,0.0
30470,,0.0,0.0,0.0,0,(),0.0,0.0
30475,,0.0,0.0,0.0,0,(),0.0,0.0
30480,,0.0,0.0,0.0,0,(),0.0,0.0
30485,,0.0,0.0,0.0,0,(),0.0,0.0
30490,,0.0,0.0,0.0,0,(),0.0,0.0
30495,,0.0,0.0,0.0,0,(),0.0,0.0
30500,,0.0,0.0,0.0,0,(),0.0,0.0
30505,,0.0,0.0,0.0,0,(),0.0,0.0
30510,,0.0,0.0,0.0,0,(),0.0,0.0
30515,,0.0,0.0,0.0,0,(),0.0,0.0
30520,,0.0,0.0,0.0,0,(),0.0,0.0
30525,,0.0,0.0,0.0,0,(),0.0,0.0
30530,,0.0,0.0,0.0,0,(),0.0,0.0
30535,,0.0,0.0,0.0,0,(),0.0,0.0
30540,,0.0,0.0,0.0,0,(),0.0,0.0
30545,,0.0,0.0,0.0,0,(),0.0,0.0
30550,,0.0,0.0,0.0,0,(),0.0,0.0
30555,,0.0,0.0,0.0,0,(),0.0,0.0
30560,,0.0,0.0,0.0,0,(),0.0,0.0
30565,,0.0,0.0,0.0,0,(),0.0,0.0
30570,,0.0,0.0,0.0,0,(),0.0,0.0
30575,,0.0,0.0,0.0,0,(),0.0,0.0
30580,,0.0,0.0,0.0,0,(),0.0,0.0
30585,,0.0,0.0,0.0,0,(),0.0,0.0
30590,,0.0,0.0,0.0,0,(),0.0,0.0
30595,,0.0,0.0,0.0,0,(),0.0,0.0
30600,,0.0,0.0,0.0,0,(),0.0,0.0
30605,,0.0,0.0,0.0,0,(),0.0,0.0
30610,,0.0,0.0,0.0,0,(),0.0,0.0
30615,,0.0,0.0,0.0,0,(),0.0,0.0
30620,,0.0,0.0,0.0,0,(),0.0,0.0
30625,,0.0,0.0,0.0,0,(),0.0,0.0
30630,,0.0,0.0,0.0,0,(),0.0,0.0
30635,,0.0,0.0,0.0,0,(),0.0,0.0
30640,,0.0,0.0,0.0,0,(),0.0,0.0
30645,,0.0,0.0,0.0,0,(),0.0,0.0
30650,,0.0,0.0,0.0,0,(),0.0,0.0
30655,,0.0,0.0,0.0,0,(),0.0,0.0
30660,,0.0,0.0,0.0,0,(),0.0,0.0
30665,,0.0,0.0,0.0,0,(),0.0,0.0
30670,,0.0,0.0,0.0,0,(),0.0,0.0
30675,,0.0,0.0,0.0,0,(),0.0,0.0
30680,,0.0,0.0,0.0,0,(),0.0,0.0
30685,,0.0,0.0,0.0,0,(),0.0,0.0
30690,,0.0,0.0,0.0,0,(),0.0,0.0
30695,,0.0,0.0,0.0,0,(),0.0,0.0
30700,,0.0,0.0,0.0,0,(),0.0,0.0
30705,,0.0,0.0,0.0,0,(),0.0,0.0
30710,,0.0,0.0,0.0,0,(),0.0,0.0
30715,,0.0,0.0,0.0,0,(),0.0,0.0
30720,,0.0,0.0,0.0,0,(),0.0,0.0
30725,,0.0,0.0,0.0,0,(),0.0,0.0
30730,,0.0,0.0,0.0,0,(),0.0,0.0
30735,,0.0,0.0,0.0,0,(),0.0,0.0
30740,,0.0,0.0,0.0,0,(),0.0,0.0
30745,,0.0,0.0,0.0,0,(),0.0,0.0
30750,,0.0,0.0,0.0,0,(),0.0,0.0
30755,,0.0,0.0,0.0,0,(),0.0,0.0
30760,,0.0,0.0,0.0,0,(),0.0,0.0
30765,,0.0,0.0,0.0,0,(),0.0,0.0
30770,,0.0,0.0,0.0,0,(),0.0,0.0
30775,,0.0,0.0,0.0,0,(),0.0,0.0
30780,,0.0,0.0,0.0,0,(),0.0,0.0
30785,,0.0,0.0,0.0,0,(),0.0,0.0
30790,,0.0,0.0,0.0,0,(),0.0,0.0
30795,,0.0,0.0,0.0,0,(),0.0,0.0
30800,,0.0,0.0,0.0,0,(),0.0,0.0
30805,,0.0,0.0,0.0,0,(),0.0,0.0
30810,,0.0,0.0,0.0,0,(),0.0,0.0
30815,,0.0,0.0,0.0,0,(),0.0,0.0
30820,,0.0,0.0,0.0,0,(),0.0,0.0
30825,,0.0,0.0,0.0,0,(),0.0,0.0
30830,,0.0,0.0,0.0,0,(),0.0,0.0
30835,,0.0,0.0,0.0,0,(),0.0,0.0
30840,,0.0,0.0,0.0,0,(),0.0,0.0
30845,,0.0,0.0,0.0,0,(),0.0,0.0
30850,,0.0,0.0,0.0,0,(),0.0,0.0
30855,,0.0,0.0,0.0,0,(),0.0,0.0
30860,,0.0,0.0,0.0,0,(),0.0,0.0
30865,,0.0,0.0,0.0,0,(),0.0,0.0
30870,,0.0,0.0,0.0,0,(),0.0,0.0
30875,,0.0,0.0,0.0,0,(),0.0,0.0
30880,,0.0,0.0,0.0,0,(),0.0,0.0
30885,,0.0,0.0,0.0,0,(),0.0,0.0
30890,,0.0,0.0,0.0,0,(),0.0,0.0
30895,,0.0,0.0,0.0,0,(),0.0,0.0
30900,,0.0,0.0,0.0,0,(),0.0,0.0
30905,,0.0,0.0,0.0,0,(),0.0,0.0
30910,,0.0,0.0,0.0,0,(),0.0,0.0
30915,,0.0,0.0,0.0,0,(),0.0,0.0
30920,,0.0,0.0,0.0,0,(),0.0,0.0
30925,,0.0,0.0,0.0,0,(),0.0,0.0
30930,,0.0,0.0,0.0,0,(),0.0,0.0
30935,,0.0,0.0,0.0,0,(),0.0,0.0
30940,,0.0,0.0,0.0,0,(),0.0,0.0
30945,,0.0,0.0,0.0,0,(),0.0,0.0
30950,,0.0,0.0,0.0,0,(),0.0,0.0
30955,,0.0,0.0,0.0,0,(),0.0,0.0
30960,,0.0,0.0,0.0,0,(),0.0,0.0
30965,,0.0,0.0,0.0,0,(),0.0,0.0
30970,,0.0,0.0,0.0,0,(),0.0,0.0
30975,,0.0,0.0,0.0,0,(),0.0,0.0
30980,,0.0,0.0,0.0,0,(),0.0,0.0
30985,,0.0,0.0,0.0,0,(),0.0,0.0
30990,,0.0,0.0,0.0,0,(),0.0,0.0
30995,,0.0,0.0,0.0,0,(),0.0,0.0
31000,,0.0,0.0,0.0,0,(),0.0,0.0
31005,,0.0,0.0,0.0,0,(),0.0,0.0
31010,,0.0,0.0,0.0,0,(),0.0,0.0
31015,,0.0,0.0,0.0,0,(),0.0,0.0
31020,,0.0,0.0,0.0,0,(),0.0,0.0
31025,,0.0,0.0,0.0,0,(),0.0,0.0
31030,,0.0,0.0,0.0,0,(),0.0,0.0
31035,,0.0,0.0,0.0,0,(),0.0,0.0
31040,,0.0,0.0,0.0,0,(),0.0,0.0
31045,,0.0,0.0,0.0,0,(),0.0,0.0
31050,,0.0,0.0,0.0,0,(),0.0,0.0
31055,,0.0,0.0,0.0,0,(),0.0,0.0
31060,,0.0,0.0,0.0,0,(),0.0,0.0
31065,,0.0,0.0,0.0,0,(),0.0,0.0
31070,,0.0,0.0,0.0,0,(),0.0,0.0
31075,,0.0,0.0,0.0,0,(),0.0,0.0
31080,,0.0,0.0,0.0,0,(),0.0,0.0
31085,,0.0,0.0,0.0,0,(),0.0,0.0
31090,,0.0,0.0,0.0,0,(),0.0,0.0
31095,,0.0,0.0,0.0,0,(),0.0,0.0
31100,,0.0,0.0,0.0,0,(),0.0,0.0
31105,,0.0,0.0,0.0,0,(),0.0,0.0
31110,,0.0,0.0,0.0,0,(),0.0,0.0
31115,,0.0,0.0,0.0,0,(),0.0,0.0
31120,,0.0,0.0,0.0,0,(),0.0,0.0
31125,,0.0,0.0,0.0,0,(),0.0,0.0
31130,,0.0,0.0,0.0,0,(),0.0,0.0
31135,,0.0,0.0,0.0,0,(),0.0,0.0
31140,,0.0,0.0,0.0,0,(),0.0,0.0
31145,,0.0,0.0,0.0,0,(),0.0,0.0
31150,,0.0,0.0,0.0,0,(),0.0,0.0
31155,,0.0,0.0,0.0,0,(),0.0,0.0
31160,,0.0,0.0,0.0,0,(),0.0,0.0
31165,,0.0,0.0,0.0,0,(),0.0,0.0
31170,,0.0,0.0,0.0,0,(),0.0,0.0
31175,,0.0,0.0,0.0,0,(),0.0,0.0
31180,,0.0,0.0,0.0,0,(),0.0,0.0
31185,,0.0,0.0,0.0,0,(),0.0,0.0
31190,,0.0,0.0,0.0,0,(),0.0,0.0
31195,,0.0,0.0,0.0,0,(),0.0,0.0
31200,,0.0,0.0,0.0,0,(),0.0,0.0
31205,,0.0,0.0,0.0,0,(),0.0,0.0
31210,,0.0,0.0,0.0,0,(),0.0,0.0
31215,,0.0,0.0,0.0,0,(),0.0,0.0
31220,,0.0,0.0,0.0,0,(),0.0,0.0
31225,,0.0,0.0,0.0,0,(),0.0,0.0
31230,,0.0,0.0,0.0,0,(),0.0,0.0
31235,,0.0,0.0,0.0,0,(),0.0,0.0
31240,,0.0,0.0,0.0,0,(),0.0,0.0
31245,,0.0,0.0,0.0,0,(),0.0,0.0
31250,,0.0,0.0,0.0,0,(),0.0,0.0
31255,,0.0,0.0,0.0,0,(),0.0,0.0
31260,,0.0,0.0,0.0,0,(),0.0,0.0
31265,,0.0,0.0,0.0,0,(),0.0,0.0
31270,,0.0,0.0,0.0,0,(),0.0,0.0
31275,,0.0,0.0,0.0,0,(),0.0,0.0
31280,,0.0,0.0,0.0,0,(),0.0,0.0
31285,,0.0,0.0,0.0,0,(),0.0,0.0
31290,,0.0,0.0,0.0,0,(),0.0,0.0
31295,,0.0,0.0,0.0,0,(),0.0,0.0
31300,,0.0,0.0,0.0,0,(),0.0,0.0
31305,,0.0,0.0,0.0,0,(),0.0,0.0
31310,,0.0,0.0,0.0,0,(),0.0,0.0
31315,,0.0,0.0,0.0,0,(),0.0,0.0
31320,,0.0,0.0,0.0,0,(),0.0,0.0
31325,,0.0,0.0,0.0,0,(),0.0,0.0
31330,,0.0,0.0,0.0,0,(),0.0,0.0
31335,,0.0,0.0,0.0,0,(),0.0,0.0
31340,,0.0,0.0,0.0,0,(),0.0,0.0
31345,,0.0,0.0,0.0,0,(),0.0,0.0
31350,,0.0,0.0,0.0,0,(),0.0,0.0
31355,,0.0,0.0,0.0,0,(),0.0,0.0
31360,,0.0,0.0,0.0,0,(),0.0,0.0
31365,,0.0,0.0,0.0,0,(),0.0,0.0
31370,,0.0,0.0,0.0,0,(),0.0,0.0
31375,,0.0,0.0,0.0,0,(),0.0,0.0
31380,,0.0,0.0,0.0,0,(),0.0,0.0
31385,,0.0,0.0,0.0,0,(),0.0,0.0
31390,,0.0,0.0,0.0,0,(),0.0,0.0
31395,,0.0,0.0,0.0,0,(),0.0,0.0
31400,,0.0,0.0,0.0,0,(),0.0,0.0
31405,,0.0,0.0,0.0,0,(),0.0,0.0
31410,,0.0,0.0,0.0,0,(),0.0,0.0
31415,,0.0,0.0,0.0,0,(),0.0,0.0
31420,,0.0,0.0,0.0,0,(),0.0,0.0
31425,,0.0,0.0,0.0,0,(),0.0,0.0
31430,,0.0,0.0,0.0,0,(),0.0,0.0
31435,,0.0,0.0,0.0,0,(),0.0,0.0
31440,,0.0,0.0,0.0,0,(),0.0,0.0
31445,,0.0,0.0,0.0,0,(),0.0,0.0
31450,,0.0,0.0,0.0,0,(),0.0,0.0
31455,,0.0,0.0,0.0,0,(),0.0,0.0
31460,,0.0,0.0,0.0,0,(),0.0,0.0
31465,,0.0,0.0,0.0,0,(),0.0,0.0
31470,,0.0,0.0,0.0,0,(),0.0,0.0
31475,,0.0,0.0,0.0,0,(),0.0,0.0
31480,,0.0,0.0,0.0,0,(),0.0,0.0
31485,,0.0,0.0,0.0,0,(),0.0,0.0
31490,,0.0,0.0,0.0,0,(),0.0,0.0
31495,,0.0,0.0,0.0,0,(),0.0,0.0
31500,,0.0,0.0,0.0,0,(),0.0,0.0
31505,,0.0,0.0,0.0,0,(),0.0,0.0
31510,,0.0,0.0,0.0,0,(),0.0,0.0
31515,,0.0,0.0,0.0,0,(),0.0,0.0
31520,,0.0,0.0,0.0,0,(),0.0,0.0
31525,,0.0,0.0,0.0,0,(),0.0,0.0
31530,,0.0,0.0,0.0,0,(),0.0,0.0
31535,,0.0,0.0,0.0,0,(),0.0,0.0
31540,,0.0,0.0,0.0,0,(),0.0,0.0
31545,,0.0,0.0,0.0,0,(),0.0,0.0
31550,,0.0,0.0,0.0,0,(),0.0,0.0
31555,,0.0,0.0,0.0,0,(),0.0,0.0
31560,,0.0,0.0,0.0,0,(),0.0,0.0
31565,,0.0,0.0,0.0,0,(),0.0,0.0
31570,,0.0,0.0,0.0,0,(),0.0,0.0
31575,,0.0,0.0,0.0,0,(),0.0,0.0
31580,,0.0,0.0,0.0,0,(),0.0,0.0
31585,,0.0,0.0,0.0,0,(),0.0,0.0
31590,,0.0,0.0,0.0,0,(),0.0,0.0
31595,,0.0,0.0,0.0,0,(),0.0,0.0
31600,,0.0,0.0,0.0,0,(),0.0,0.0
31605,,0.0,0.0,0.0,0,(),0.0,0.0
31610,,0.0,0.0,0.0,0,(),0.0,0.0
31615,,0.0,0.0,0.0,0,(),0.0,0.0
31620,,0.0,0.0,0.0,0,(),0.0,0.0
31625,,0.0,0.0,0.0,0,(),0.0,0.0
31630,,0.0,0.0,0.0,0,(),0.0,0.0
31635,,0.0,0.0,0.0,0,(),0.0,0.0
31640,,0.0,0.0,0.0,0,(),0.0,0.0
31645,,0.0,0.0,0.0,0,(),0.0,0.0
31650,,0.0,0.0,0.0,0,(),0.0,0.0
31655,,0.0,0.0,0.0,0,(),0.0,0.0
31660,,0.0,0.0,0.0,0,(),0.0,0.0
31665,,0.0,0.0,0.0,0,(),0.0,0.0
31670,,0.0,0.0,0.0,0,(),0.0,0.0
31675,,0.0,0.0,0.0,0,(),0.0,0.0
31680,,0.0,0.0,0.0,0,(),0.0,0.0
31685,,0.0,0.0,0.0,0,(),0.0,0.0
31690,,0.0,0.0,0.0,0,(),0.0,0.0
31695,,0.0,0.0,0.0,0,(),0.0,0.0
31700,,0.0,0.0,0.0,0,(),0.0,0.0
31705,,0.0,0.0,0.0,0,(),0.0,0.0
31710,,0.0,0.0,0.0,0,(),0.0,0.0
31715,,0.0,0.0,0.0,0,(),0.0,0.0
31720,,0.0,0.0,0.0,0,(),0.0,0.0
31725,,0.0,0.0,0.0,0,(),0.0,0.0
31730,,0.0,0.0,0.0,0,(),0.0,0.0
31735,,0.0,0.0,0.0,0,(),0.0,0.0
31740,,0.0,0.0,0.0,0,(),0.0,0.0
31745,,0.0,0.0,0.0,0,(),0.0,0.0
31750,,0.0,0.0,0.0,0,(),0.0,0.0
31755,,0.0,0.0,0.0,0,(),0.0,0.0
31760,,0.0,0.0,0.0,0,(),0.0,0.0
31765,,0.0,0.0,0.0,0,(),0.0,0.0
31770,,0.0,0.0,0.0,0,(),0.0,0.0
31775,,0.0,0.0,0.0,0,(),0.0,0.0
31780,,0.0,0.0,0.0,0,(),0.0,0.0
31785,,0.0,0.0,0.0,0,(),0.0,0.0
31790,,0.0,0.0,0.0,0,(),0.0,0.0
31795,,0.0,0.0,0.0,0,(),0.0,0.0
31800,,0.0,0.0,0.0,0,(),0.0,0.0
31805,,0.0,0.0,0.0,0,(),0.0,0.0
31810,,0.0,0.0,0.0,0,(),0.0,0.0
31815,,0.0,0.0,0.0,0,(),0.0,0.0
31820,,0.0,0.0,0.0,0,(),0.0,0.0
31825,,0.0,0.0,0.0,0,(),0.0,0.0
31830,,0.0,0.0,0.0,0,(),0.0,0.0
31835,,0.0,0.0,0.0,0,(),0.0,0.0
31840,,0.0,0.0,0.0,0,(),0.0,0.0
31845,,0.0,0.0,0.0,0,(),0.0,0.0
31850,,0.0,0.0,0.0,0,(),0.0,0.0
31855,,0.0,0.0,0.0,0,(),0.0,0.0
31860,,0.0,0.0,0.0,0,(),0.0,0.0
31865,,0.0,0.0,0.0,0,(),0.0,0.0
31870,,0.0,0.0,0.0,0,(),0.0,0.0
31875,,0.0,0.0,0.0,0,(),0.0,0.0
31880,,0.0,0.0,0.0,0,(),0.0,0.0
31885,,0.0,0.0,0.0,0,(),0.0,0.0
31890,,0.0,0.0,0.0,0,(),0.0,0.0
31895,,0.0,0.0,0.0,0,(),0.0,0.0
31900,,0.0,0.0,0.0,0,(),0.0,0.0
31905,,0.0,0.0,0.0,0,(),0.0,0.0
31910,,0.0,0.0,0.0,0,(),0.0,0.0
31915,,0.0,0.0,0.0,0,(),0.0,0.0
31920,,0.0,0.0,0.0,0,(),0.0,0.0
31925,,0.0,0.0,0.0,0,(),0.0,0.0
31930,,0.0,0.0,0.0,0,(),0.0,0.0
31935,,0.0,0.0,0.0,0,(),0.0,0.0
31940,,0.0,0.0,0.0,0,(),0.0,0.0
31945,,0.0,0.0,0.0,0,(),0.0,0.0
31950,,0.0,0.0,0.0,0,(),0.0,0.0
31955,,0.0,0.0,0.0,0,(),0.0,0.0
31960,,0.0,0.0,0.0,0,(),0.0,0.0
31965,,0.0,0.0,0.0,0,(),0.0,0.0
31970,,0.0,0.0,0.0,0,(),0.0,0.0
31975,,0.0,0.0,0.0,0,(),0.0,0.0
31980,,0.0,0.0,0.0,0,(),0.0,0.0
31985,,0.0,0.0,0.0,0,(),0.0,0.0
31990,,0.0,0.0,0.0,0,(),0.0,0.0
31995,,0.0,0.0,0.0,0,(),0.0,0.0
32000,,0.0,0.0,0.0,0,(),0.0,0.0
32005,,0.0,0.0,0.0,0,(),0.0,0.0
32010,,0.0,0.0,0.0,0,(),0.0,0.0
32015,,0.0,0.0,0.0,0,(),0.0,0.0
32020,,0.0,0.0,0.0,0,(),0.0,0.0
32025,,0.0,0.0,0.0,0,(),0.0,0.0
32030,,0.0,0.0,0.0,0,(),0.0,0.0
32035,,0.0,0.0,0.0,0,(),0.0,0.0
32040,,0.0,0.0,0.0,0,(),0.0,0.0
32045,,0.0,0.0,0.0,0,(),0.0,0.0
32050,,0.0,0.0,0.0,0,(),0.0,0.0
32055,,0.0,0.0,0.0,0,(),0.0,0.0
32060,,0.0,0.0,0.0,0,(),0.0,0.0
32065,,0.0,0.0,0.0,0,(),0.0,0.0
32070,,0.0,0.0,0.0,0,(),0.0,0.0
32075,,0.0,0.0,0.0,0,(),0.0,0.0
32080,,0.0,0.0,0.0,0,(),0.0,0.0
32085,,0.0,0.0,0.0,0,(),0.0,0.0
32090,,0.0,0.0,0.0,0,(),0.0,0.0
32095,,0.0,0.0,0.0,0,(),0.0,0.0
32100,,0.0,0.0,0.0,0,(),0.0,0.0
32105,,0.0,0.0,0.0,0,(),0.0,0.0
32110,,0.0,0.0,0.0,0,(),0.0,0.0
32115,,0.0,0.0,0.0,0,(),0.0,0.0
32120,,0.0,0.0,0.0,0,(),0.0,0.0
32125,,0.0,0.0,0.0,0,(),0.0,0.0
32130,,0.0,0.0,0.0,0,(),0.0,0.0
32135,,0.0,0.0,0.0,0,(),0.0,0.0
32140,,0.0,0.0,0.0,0,(),0.0,0.0
32145,,0.0,0.0,0.0,0,(),0.0,0.0
32150,,0.0,0.0,0.0,0,(),0.0,0.0
32155,,0.0,0.0,0.0,0,(),0.0,0.0
32160,,0.0,0.0,0.0,0,(),0.0,0.0
32165,,0.0,0.0,0.0,0,(),0.0,0.0
32170,,0.0,0.0,0.0,0,(),0.0,0.0
32175,,0.0,0.0,0.0,0,(),0.0,0.0
32180,,0.0,0.0,0.0,0,(),0.0,0.0
32185,,0.0,0.0,0.0,0,(),0.0,0.0
32190,,0.0,0.0,0.0,0,(),0.0,0.0
32195,,0.0,0.0,0.0,0,(),0.0,0.0
32200,,0.0,0.0,0.0,0,(),0.0,0.0
32205,,0.0,0.0,0.0,0,(),0.0,0.0
32210,,0.0,0.0,0.0,0,(),0.0,0.0
32215,,0.0,0.0,0.0,0,(),0.0,0.0
32220,,0.0,0.0,0.0,0,(),0.0,0.0
32225,,0.0,0.0,0.0,0,(),0.0,0.0
32230,,0.0,0.0,0.0,0,(),0.0,0.0
32235,,0.0,0.0,0.0,0,(),0.0,0.0
32240,,0.0,0.0,0.0,0,(),0.0,0.0
32245,,0.0,0.0,0.0,0,(),0.0,0.0
32250,,0.0,0.0,0.0,0,(),0.0,0.0
32255,,0.0,0.0,0.0,0,(),0.0,0.0
32260,,0.0,0.0,0.0,0,(),0.0,0.0
32265,,0.0,0.0,0.0,0,(),0.0,0.0
32270,,0.0,0.0,0.0,0,(),0.0,0.0
32275,,0.0,0.0,0.0,0,(),0.0,0.0
32280,,0.0,0.0,0.0,0,(),0.0,0.0
32285,,0.0,0.0,0.0,0,(),0.0,0.0
32290,,0.0,0.0,0.0,0,(),0.0,0.0
32295,,0.0,0.0,0.0,0,(),0.0,0.0
32300,,0.0,0.0,0.0,0,(),0.0,0.0
32305,,0.0,0.0,0.0,0,(),0.0,0.0
32310,,0.0,0.0,0.0,0,(),0.0,0.0
32315,,0.0,0.0,0.0,0,(),0.0,0.0
32320,,0.0,0.0,0.0,0,(),0.0,0.0
32325,,0.0,0.0,0.0,0,(),0.0,0.0
32330,,0.0,0.0,0.0,0,(),0.0,0.0
32335,,0.0,0.0,0.0,0,(),0.0,0.0
32340,,0.0,0.0,0.0,0,(),0.0,0.0
32345,,0.0,0.0,0.0,0,(),0.0,0.0
32350,,0.0,0.0,0.0,0,(),0.0,0.0
32355,,0.0,0.0,0.0,0,(),0.0,0.0
32360,,0.0,0.0,0.0,0,(),0.0,0.0
32365,,0.0,0.0,0.0,0,(),0.0,0.0
32370,,0.0,0.0,0.0,0,(),0.0,0.0
32375,,0.0,0.0,0.0,0,(),0.0,0.0
32380,,0.0,0.0,0.0,0,(),0.0,0.0
32385,,0.0,0.0,0.0,0,(),0.0,0.0
32390,,0.0,0.0,0.0,0,(),0.0,0.0
32395,,0.0,0.0,0.0,0,(),0.0,0.0
32400,,0.0,0.0,0.0,0,(),0.0,0.0
32405,,0.0,0.0,0.0,0,(),0.0,0.0
32410,,0.0,0.0,0.0,0,(),0.0,0.0
32415,,0.0,0.0,0.0,0,(),0.0,0.0
32420,,0.0,0.0,0.0,0,(),0.0,0.0
32425,,0.0,0.0,0.0,0,(),0.0,0.0
32430,,0.0,0.0,0.0,0,(),0.0,0.0
32435,,0.0,0.0,0.0,0,(),0.0,0.0
32440,,0.0,0.0,0.0,0,(),0.0,0.0
32445,,0.0,0.0,0.0,0,(),0.0,0.0
32450,,0.0,0.0,0.0,0,(),0.0,0.0
32455,,0.0,0.0,0.0,0,(),0.0,0.0
32460,,0.0,0.0,0.0,0,(),0.0,0.0
32465,,0.0,0.0,0.0,0,(),0.0,0.0
32470,,0.0,0.0,0.0,0,(),0.0,0.0
32475,,0.0,0.0,0.0,0,(),0.0,0.0
32480,,0.0,0.0,0.0,0,(),0.0,0.0
32485,,0.0,0.0,0.0,0,(),0.0,0.0
32490,,0.0,0.0,0.0,0,(),0.0,0.0
32495,,0.0,0.0,0.0,0,(),0.0,0.0
32500,,0.0,0.0,0.0,0,(),0.0,0.0
32505,,0.0,0.0,0.0,0,(),0.0,0.0
32510,,0.0,0.0,0.0,0,(),0.0,0.0
32515,,0.0,0.0,0.0,0,(),0.0,0.0
32520,,0.0,0.0,0.0,0,(),0.0,0.0
32525,,0.0,0.0,0.0,0,(),0.0,0.0
32530,,0.0,0.0,0.0,0,(),0.0,0.0
32535,,0.0,0.0,0.0,0,(),0.0,0.0
32540,,0.0,0.0,0.0,0,(),0.0,0.0
32545,,0.0,0.0,0.0,0,(),0.0,0.0
32550,,0.0,0.0,0.0,0,(),0.0,0.0
32555,,0.0,0.0,0.0,0,(),0.0,0.0
32560,,0.0,0.0,0.0,0,(),0.0,0.0
32565,,0.0,0.0,0.0,0,(),0.0,0.0
32570,,0.0,0.0,0.0,0,(),0.0,0.0
32575,,0.0,0.0,0.0,0,(),0.0,0.0
32580,,0.0,0.0,0.0,0,(),0.0,0.0
32585,,0.0,0.0,0.0,0,(),0.0,0.0
32590,,0.0,0.0,0.0,0,(),0.0,0.0
32595,,0.0,0.0,0.0,0,(),0.0,0.0
32600,,0.0,0.0,0.0,0,(),0.0,0.0
32605,,0.0,0.0,0.0,0,(),0.0,0.0
32610,,0.0,0.0,0.0,0,(),0.0,0.0
32615,,0.0,0.0,0.0,0,(),0.0,0.0
32620,,0.0,0.0,0.0,0,(),0.0,0.0
32625,,0.0,0.0,0.0,0,(),0.0,0.0
32630,,0.0,0.0,0.0,0,(),0.0,0.0
32635,,0.0,0.0,0.0,0,(),0.0,0.0
32640,,0.0,0.0,0.0,0,(),0.0,0.0
32645,,0.0,0.0,0.0,0,(),0.0,0.0
32650,,0.0,0.0,0.0,0,(),0.0,0.0
32655,,0.0,0.0,0.0,0,(),0.0,0.0
32660,,0.0,0.0,0.0,0,(),0.0,0.0
32665,,0.0,0.0,0.0,0,(),0.0,0.0
32670,,0.0,0.0,0.0,0,(),0.0,0.0
32675,,0.0,0.0,0.0,0,(),0.0,0.0
32680,,0.0,0.0,0.0,0,(),0.0,0.0
32685,,0.0,0.0,0.0,0,(),0.0,0.0
32690,,0.0,0.0,0.0,0,(),0.0,0.0
32695,,0.0,0.0,0.0,0,(),0.0,0.0
32700,,0.0,0.0,0.0,0,(),0.0,0.0
32705,,0.0,0.0,0.0,0,(),0.0,0.0
32710,,0.0,0.0,0.0,0,(),0.0,0.0
32715,,0.0,0.0,0.0,0,(),0.0,0.0
32720,,0.0,0.0,0.0,0,(),0.0,0.0
32725,,0.0,0.0,0.0,0,(),0.0,0.0
32730,,0.0,0.0,0.0,0,(),0.0,0.0
32735,,0.0,0.0,0.0,0,(),0.0,0.0
32740,,0.0,0.0,0.0,0,(),0.0,0.0
32745,,0.0,0.0,0.0,0,(),0.0,0.0
32750,,0.0,0.0,0.0,0,(),0.0,0.0
32755,,0.0,0.0,0.0,0,(),0.0,0.0
32760,,0.0,0.0,0.0,0,(),0.0,0.0
32765,,0.0,0.0,0.0,0,(),0.0,0.0
32770,,0.0,0.0,0.0,0,(),0.0,0.0
32775,,0.0,0.0,0.0,0,(),0.0,0.0
32780,,0.0,0.0,0.0,0,(),0.0,0.0
32785,,0.0,0.0,0.0,0,(),0.0,0.0
32790,,0.0,0.0,0.0,0,(),0.0,0.0
32795,,0.0,0.0,0.0,0,(),0.0,0.0
32800,,0.0,0.0,0.0,0,(),0.0,0.0
32805,,0.0,0.0,0.0,0,(),0.0,0.0
32810,,0.0,0.0,0.0,0,(),0.0,0.0
32815,,0.0,0.0,0.0,0,(),0.0,0.0
32820,,0.0,0.0,0.0,0,(),0.0,0.0
32825,,0.0,0.0,0.0,0,(),0.0,0.0
32830,,0.0,0.0,0.0,0,(),0.0,0.0
32835,,0.0,0.0,0.0,0,(),0.0,0.0
32840,,0.0,0.0,0.0,0,(),0.0,0.0
32845,,0.0,0.0,0.0,0,(),0.0,0.0
32850,,0.0,0.0,0.0,0,(),0.0,0.0
32855,,0.0,0.0,0.0,0,(),0.0,0.0
32860,,0.0,0.0,0.0,0,(),0.0,0.0
32865,,0.0,0.0,0.0,0,(),0.0,0.0
32870,,0.0,0.0,0.0,0,(),0.0,0.0
32875,,0.0,0.0,0.0,0,(),0.0,0.0
32880,,0.0,0.0,0.0,0,(),0.0,0.0
32885,,0.0,0.0,0.0,0,(),0.0,0.0
32890,,0.0,0.0,0.0,0,(),0.0,0.0
32895,,0.0,0.0,0.0,0,(),0.0,0.0
32900,,0.0,0.0,0.0,0,(),0.0,0.0
32905,,0.0,0.0,0.0,0,(),0.0,0.0
32910,,0.0,0.0,0.0,0,(),0.0,0.0
32915,,0.0,0.0,0.0,0,(),0.0,0.0
32920,,0.0,0.0,0.0,0,(),0.0,0.0
32925,,0.0,0.0,0.0,0,(),0.0,0.0
32930,,0.0,0.0,0.0,0,(),0.0,0.0
32935,,0.0,0.0,0.0,0,(),0.0,0.0
32940,,0.0,0.0,0.0,0,(),0.0,0.0
32945,,0.0,0.0,0.0,0,(),0.0,0.0
32950,,0.0,0.0,0.0,0,(),0.0,0.0
32955,,0.0,0.0,0.0,0,(),0.0,0.0
32960,,0.0,0.0,0.0,0,(),0.0,0.0
32965,,0.0,0.0,0.0,0,(),0.0,0.0
32970,,0.0,0.0,0.0,0,(),0.0,0.0
32975,,0.0,0.0,0.0,0,(),0.0,0.0
32980,,0.0,0.0,0.0,0,(),0.0,0.0
32985,,0.0,0.0,0.0,0,(),0.0,0.0
32990,,0.0,0.0,0.0,0,(),0.0,0.0
32995,,0.0,0.0,0.0,0,(),0.0,0.0
33000,,0.0,0.0,0.0,0,(),0.0,0.0
33005,,0.0,0.0,0.0,0,(),0.0,0.0
33010,,0.0,0.0,0.0,0,(),0.0,0.0
33015,,0.0,0.0,0.0,0,(),0.0,0.0
33020,,0.0,0.0,0.0,0,(),0.0,0.0
33025,,0.0,0.0,0.0,0,(),0.0,0.0
33030,,0.0,0.0,0.0,0,(),0.0,0.0
33035,,0.0,0.0,0.0,0,(),0.0,0.0
33040,,0.0,0.0,0.0,0,(),0.0,0.0
33045,,0.0,0.0,0.0,0,(),0.0,0.0
33050,,0.0,0.0,0.0,0,(),0.0,0.0
33055,,0.0,0.0,0.0,0,(),0.0,0.0
33060,,0.0,0.0,0.0,0,(),0.0,0.0
33065,,0.0,0.0,0.0,0,(),0.0,0.0
33070,,0.0,0.0,0.0,0,(),0.0,0.0
33075,,0.0,0.0,0.0,0,(),0.0,0.0
33080,,0.0,0.0,0.0,0,(),0.0,0.0
33085,,0.0,0.0,0.0,0,(),0.0,0.0
33090,,0.0,0.0,0.0,0,(),0.0,0.0
33095,,0.0,0.0,0.0,0,(),0.0,0.0
33100,,0.0,0.0,0.0,0,(),0.0,0.0
33105,,0.0,0.0,0.0,0,(),0.0,0.0
33110,,0.0,0.0,0.0,0,(),0.0,0.0
33115,,0.0,0.0,0.0,0,(),0.0,0.0
33120,,0.0,0.0,0.0,0,(),0.0,0.0
33125,,0.0,0.0,0.0,0,(),0.0,0.0
33130,,0.0,0.0,0.0,0,(),0.0,0.0
33135,,0.0,0.0,0.0,0,(),0.0,0.0
33140,,0.0,0.0,0.0,0,(),0.0,0.0
33145,,0.0,0.0,0.0,0,(),0.0,0.0
33150,,0.0,0.0,0.0,0,(),0.0,0.0
33155,,0.0,0.0,0.0,0,(),0.0,0.0
33160,,0.0,0.0,0.0,0,(),0.0,0.0
33165,,0.0,0.0,0.0,0,(),0.0,0.0
33170,,0.0,0.0,0.0,0,(),0.0,0.0
33175,,0.0,0.0,0.0,0,(),0.0,0.0
33180,,0.0,0.0,0.0,0,(),0.0,0.0
33185,,0.0,0.0,0.0,0,(),0.0,0.0
33190,,0.0,0.0,0.0,0,(),0.0,0.0
33195,,0.0,0.0,0.0,0,(),0.0,0.0
33200,,0.0,0.0,0.0,0,(),0.0,0.0
33205,,0.0,0.0,0.0,0,(),0.0,0.0
33210,,0.0,0.0,0.0,0,(),0.0,0.0
33215,,0.0,0.0,0.0,0,(),0.0,0.0
33220,,0.0,0.0,0.0,0,(),0.0,0.0
33225,,0.0,0.0,0.0,0,(),0.0,0.0
33230,,0.0,0.0,0.0,0,(),0.0,0.0
33235,,0.0,0.0,0.0,0,(),0.0,0.0
33240,,0.0,0.0,0.0,0,(),0.0,0.0
33245,,0.0,0.0,0.0,0,(),0.0,0.0
33250,,0.0,0.0,0.0,0,(),0.0,0.0
33255,,0.0,0.0,0.0,0,(),0.0,0.0
33260,,0.0,0.0,0.0,0,(),0.0,0.0
33265,,0.0,0.0,0.0,0,(),0.0,0.0
33270,,0.0,0.0,0.0,0,(),0.0,0.0
33275,,0.0,0.0,0.0,0,(),0.0,0.0
33280,,0.0,0.0,0.0,0,(),0.0,0.0
33285,,0.0,0.0,0.0,0,(),0.0,0.0
33290,,0.0,0.0,0.0,0,(),0.0,0.0
33295,,0.0,0.0,0.0,0,(),0.0,0.0
33300,,0.0,0.0,0.0,0,(),0.0,0.0
33305,,0.0,0.0,0.0,0,(),0.0,0.0
33310,,0.0,0.0,0.0,0,(),0.0,0.0
33315,,0.0,0.0,0.0,0,(),0.0,0.0
33320,,0.0,0.0,0.0,0,(),0.0,0.0
33325,,0.0,0.0,0.0,0,(),0.0,0.0
33330,,0.0,0.0,0.0,0,(),0.0,0.0
33335,,0.0,0.0,0.0,0,(),0.0,0.0
33340,,0.0,0.0,0.0,0,(),0.0,0.0
33345,,0.0,0.0,0.0,0,(),0.0,0.0
33350,,0.0,0.0,0.0,0,(),0.0,0.0
33355,,0.0,0.0,0.0,0,(),0.0,0.0
33360,,0.0,0.0,0.0,0,(),0.0,0.0
33365,,0.0,0.0,0.0,0,(),0.0,0.0
33370,,0.0,0.0,0.0,0,(),0.0,0.0
33375,,0.0,0.0,0.0,0,(),0.0,0.0
33380,,0.0,0.0,0.0,0,(),0.0,0.0
33385,,0.0,0.0,0.0,0,(),0.0,0.0
33390,,0.0,0.0,0.0,0,(),0.0,0.0
33395,,0.0,0.0,0.0,0,(),0.0,0.0
33400,,0.0,0.0,0.0,0,(),0.0,0.0
33405,,0.0,0.0,0.0,0,(),0.0,0.0
33410,,0.0,0.0,0.0,0,(),0.0,0.0
33415,,0.0,0.0,0.0,0,(),0.0,0.0
33420,,0.0,0.0,0.0,0,(),0.0,0.0
33425,,0.0,0.0,0.0,0,(),0.0,0.0
33430,,0.0,0.0,0.0,0,(),0.0,0.0
33435,,0.0,0.0,0.0,0,(),0.0,0.0
33440,,0.0,0.0,0.0,0,(),0.0,0.0
33445,,0.0,0.0,0.0,0,(),0.0,0.0
33450,,0.0,0.0,0.0,0,(),0.0,0.0
33455,,0.0,0.0,0.0,0,(),0.0,0.0
33460,,0.0,0.0,0.0,0,(),0.0,0.0
33465,,0.0,0.0,0.0,0,(),0.0,0.0
33470,,0.0,0.0,0.0,0,(),0.0,0.0
33475,,0.0,0.0,0.0,0,(),0.0,0.0
33480,,0.0,0.0,0.0,0,(),0.0,0.0
33485,,0.0,0.0,0.0,0,(),0.0,0.0
33490,,0.0,0.0,0.0,0,(),0.0,0.0
33495,,0.0,0.0,0.0,0,(),0.0,0.0
33500,,0.0,0.0,0.0,0,(),0.0,0.0
33505,,0.0,0.0,0.0,0,(),0.0,0.0
33510,,0.0,0.0,0.0,0,(),0.0,0.0
33515,,0.0,0.0,0.0,0,(),0.0,0.0
33520,,0.0,0.0,0.0,0,(),0.0,0.0
33525,,0.0,0.0,0.0,0,(),0.0,0.0
33530,,0.0,0.0,0.0,0,(),0.0,0.0
33535,,0.0,0.0,0.0,0,(),0.0,0.0
33540,,0.0,0.0,0.0,0,(),0.0,0.0
33545,,0.0,0.0,0.0,0,(),0.0,0.0
33550,,0.0,0.0,0.0,0,(),0.0,0.0
33555,,0.0,0.0,0.0,0,(),0.0,0.0
33560,,0.0,0.0,0.0,0,(),0.0,0.0
33565,,0.0,0.0,0.0,0,(),0.0,0.0
33570,,0.0,0.0,0.0,0,(),0.0,0.0
33575,,0.0,0.0,0.0,0,(),0.0,0.0
33580,,0.0,0.0,0.0,0,(),0.0,0.0
33585,,0.0,0.0,0.0,0,(),0.0,0.0
33590,,0.0,0.0,0.0,0,(),0.0,0.0
33595,,0.0,0.0,0.0,0,(),0.0,0.0
33600,,0.0,0.0,0.0,0,(),0.0,0.0
33605,,0.0,0.0,0.0,0,(),0.0,0.0
33610,,0.0,0.0,0.0,0,(),0.0,0.0
33615,,0.0,0.0,0.0,0,(),0.0,0.0
33620,,0.0,0.0,0.0,0,(),0.0,0.0
33625,,0.0,0.0,0.0,0,(),0.0,0.0
33630,,0.0,0.0,0.0,0,(),0.0,0.0
33635,,0.0,0.0,0.0,0,(),0.0,0.0
33640,,0.0,0.0,0.0,0,(),0.0,0.0
33645,,0.0,0.0,0.0,0,(),0.0,0.0
33650,,0.0,0.0,0.0,0,(),0.0,0.0
33655,,0.0,0.0,0.0,0,(),0.0,0.0
33660,,0.0,0.0,0.0,0,(),0.0,0.0
33665,,0.0,0.0,0.0,0,(),0.0,0.0
33670,,0.0,0.0,0.0,0,(),0.0,0.0
33675,,0.0,0.0,0.0,0,(),0.0,0.0
33680,,0.0,0.0,0.0,0,(),0.0,0.0
33685,,0.0,0.0,0.0,0,(),0.0,0.0
33690,,0.0,0.0,0.0,0,(),0.0,0.0
33695,,0.0,0.0,0.0,0,(),0.0,0.0
33700,,0.0,0.0,0.0,0,(),0.0,0.0
33705,,0.0,0.0,0.0,0,(),0.0,0.0
33710,,0.0,0.0,0.0,0,(),0.0,0.0
33715,,0.0,0.0,0.0,0,(),0.0,0.0
33720,,0.0,0.0,0.0,0,(),0.0,0.0
33725,,0.0,0.0,0.0,0,(),0.0,0.0
33730,,0.0,0.0,0.0,0,(),0.0,0.0
33735,,0.0,0.0,0.0,0,(),0.0,0.0
33740,,0.0,0.0,0.0,0,(),0.0,0.0
33745,,0.0,0.0,0.0,0,(),0.0,0.0
33750,,0.0,0.0,0.0,0,(),0.0,0.0
33755,,0.0,0.0,0.0,0,(),0.0,0.0
33760,,0.0,0.0,0.0,0,(),0.0,0.0
33765,,0.0,0.0,0.0,0,(),0.0,0.0
33770,,0.0,0.0,0.0,0,(),0.0,0.0
33775,,0.0,0.0,0.0,0,(),0.0,0.0
33780,,0.0,0.0,0.0,0,(),0.0,0.0
33785,,0.0,0.0,0.0,0,(),0.0,0.0
33790,,0.0,0.0,0.0,0,(),0.0,0.0
33795,,0.0,0.0,0.0,0,(),0.0,0.0
33800,,0.0,0.0,0.0,0,(),0.0,0.0
33805,,0.0,0.0,0.0,0,(),0.0,0.0
33810,,0.0,0.0,0.0,0,(),0.0,0.0
33815,,0.0,0.0,0.0,0,(),0.0,0.0
33820,,0.0,0.0,0.0,0,(),0.0,0.0
33825,,0.0,0.0,0.0,0,(),0.0,0.0
33830,,0.0,0.0,0.0,0,(),0.0,0.0
33835,,0.0,0.0,0.0,0,(),0.0,0.0
33840,,0.0,0.0,0.0,0,(),0.0,0.0
33845,,0.0,0.0,0.0,0,(),0.0,0.0
33850,,0.0,0.0,0.0,0,(),0.0,0.0
33855,,0.0,0.0,0.0,0,(),0.0,0.0
33860,,0.0,0.0,0.0,0,(),0.0,0.0
33865,,0.0,0.0,0.0,0,(),0.0,0.0
33870,,0.0,0.0,0.0,0,(),0.0,0.0
33875,,0.0,0.0,0.0,0,(),0.0,0.0
33880,,0.0,0.0,0.0,0,(),0.0,0.0
33885,,0.0,0.0,0.0,0,(),0.0,0.0
33890,,0.0,0.0,0.0,0,(),0.0,0.0
33895,,0.0,0.0,0.0,0,(),0.0,0.0
33900,,0.0,0.0,0.0,0,(),0.0,0.0
33905,,0.0,0.0,0.0,0,(),0.0,0.0
33910,,0.0,0.0,0.0,0,(),0.0,0.0
33915,,0.0,0.0,0.0,0,(),0.0,0.0
33920,,0.0,0.0,0.0,0,(),0.0,0.0
33925,,0.0,0.0,0.0,0,(),0.0,0.0
33930,,0.0,0.0,0.0,0,(),0.0,0.0
33935,,0.0,0.0,0.0,0,(),0.0,0.0
33940,,0.0,0.0,0.0,0,(),0.0,0.0
33945,,0.0,0.0,0.0,0,(),0.0,0.0
33950,,0.0,0.0,0.0,0,(),0.0,0.0
33955,,0.0,0.0,0.0,0,(),0.0,0.0
33960,,0.0,0.0,0.0,0,(),0.0,0.0
33965,,0.0,0.0,0.0,0,(),0.0,0.0
33970,,0.0,0.0,0.0,0,(),0.0,0.0
33975,,0.0,0.0,0.0,0,(),0.0,0.0
33980,,0.0,0.0,0.0,0,(),0.0,0.0
33985,,0.0,0.0,0.0,0,(),0.0,0.0
33990,,0.0,0.0,0.0,0,(),0.0,0.0
33995,,0.0,0.0,0.0,0,(),0.0,0.0
34000,,0.0,0.0,0.0,0,(),0.0,0.0
34005,,0.0,0.0,0.0,0,(),0.0,0.0
34010,,0.0,0.0,0.0,0,(),0.0,0.0
34015,,0.0,0.0,0.0,0,(),0.0,0.0
34020,,0.0,0.0,0.0,0,(),0.0,0.0
34025,,0.0,0.0,0.0,0,(),0.0,0.0
34030,,0.0,0.0,0.0,0,(),0.0,0.0
34035,,0.0,0.0,0.0,0,(),0.0,0.0
34040,,0.0,0.0,0.0,0,(),0.0,0.0
34045,,0.0,0.0,0.0,0,(),0.0,0.0
34050,,0.0,0.0,0.0,0,(),0.0,0.0
34055,,0.0,0.0,0.0,0,(),0.0,0.0
34060,,0.0,0.0,0.0,0,(),0.0,0.0
34065,,0.0,0.0,0.0,0,(),0.0,0.0
34070,,0.0,0.0,0.0,0,(),0.0,0.0
34075,,0.0,0.0,0.0,0,(),0.0,0.0
34080,,0.0,0.0,0.0,0,(),0.0,0.0
34085,,0.0,0.0,0.0,0,(),0.0,0.0
34090,,0.0,0.0,0.0,0,(),0.0,0.0
34095,,0.0,0.0,0.0,0,(),0.0,0.0
34100,,0.0,0.0,0.0,0,(),0.0,0.0
34105,,0.0,0.0,0.0,0,(),0.0,0.0
34110,,0.0,0.0,0.0,0,(),0.0,0.0
34115,,0.0,0.0,0.0,0,(),0.0,0.0
34120,,0.0,0.0,0.0,0,(),0.0,0.0
34125,,0.0,0.0,0.0,0,(),0.0,0.0
34130,,0.0,0.0,0.0,0,(),0.0,0.0
34135,,0.0,0.0,0.0,0,(),0.0,0.0
34140,,0.0,0.0,0.0,0,(),0.0,0.0
34145,,0.0,0.0,0.0,0,(),0.0,0.0
34150,,0.0,0.0,0.0,0,(),0.0,0.0
34155,,0.0,0.0,0.0,0,(),0.0,0.0
34160,,0.0,0.0,0.0,0,(),0.0,0.0
34165,,0.0,0.0,0.0,0,(),0.0,0.0
34170,,0.0,0.0,0.0,0,(),0.0,0.0
34175,,0.0,0.0,0.0,0,(),0.0,0.0
34180,,0.0,0.0,0.0,0,(),0.0,0.0
34185,,0.0,0.0,0.0,0,(),0.0,0.0
34190,,0.0,0.0,0.0,0,(),0.0,0.0
34195,,0.0,0.0,0.0,0,(),0.0,0.0
34200,,0.0,0.0,0.0,0,(),0.0,0.0
34205,,0.0,0.0,0.0,0,(),0.0,0.0
34210,,0.0,0.0,0.0,0,(),0.0,0.0
34215,,0.0,0.0,0.0,0,(),0.0,0.0
34220,,0.0,0.0,0.0,0,(),0.0,0.0
34225,,0.0,0.0,0.0,0,(),0.0,0.0
34230,,0.0,0.0,0.0,0,(),0.0,0.0
34235,,0.0,0.0,0.0,0,(),0.0,0.0
34240,,0.0,0.0,0.0,0,(),0.0,0.0
34245,,0.0,0.0,0.0,0,(),0.0,0.0
34250,,0.0,0.0,0.0,0,(),0.0,0.0
34255,,0.0,0.0,0.0,0,(),0.0,0.0
34260,,0.0,0.0,0.0,0,(),0.0,0.0
34265,,0.0,0.0,0.0,0,(),0.0,0.0
34270,,0.0,0.0,0.0,0,(),0.0,0.0
34275,,0.0,0.0,0.0,0,(),0.0,0.0
34280,,0.0,0.0,0.0,0,(),0.0,0.0
34285,,0.0,0.0,0.0,0,(),0.0,0.0
34290,,0.0,0.0,0.0,0,(),0.0,0.0
34295,,0.0,0.0,0.0,0,(),0.0,0.0
34300,,0.0,0.0,0.0,0,(),0.0,0.0
34305,,0.0,0.0,0.0,0,(),0.0,0.0
34310,,0.0,0.0,0.0,0,(),0.0,0.0
34315,,0.0,0.0,0.0,0,(),0.0,0.0
34320,,0.0,0.0,0.0,0,(),0.0,0.0
34325,,0.0,0.0,0.0,0,(),0.0,0.0
34330,,0.0,0.0,0.0,0,(),0.0,0.0
34335,,0.0,0.0,0.0,0,(),0.0,0.0
34340,,0.0,0.0,0.0,0,(),0.0,0.0
34345,,0.0,0.0,0.0,0,(),0.0,0.0
34350,,0.0,0.0,0.0,0,(),0.0,0.0
34355,,0.0,0.0,0.0,0,(),0.0,0.0
34360,,0.0,0.0,0.0,0,(),0.0,0.0
34365,,0.0,0.0,0.0,0,(),0.0,0.0
34370,,0.0,0.0,0.0,0,(),0.0,0.0
34375,,0.0,0.0,0.0,0,(),0.0,0.0
34380,,0.0,0.0,0.0,0,(),0.0,0.0
34385,,0.0,0.0,0.0,0,(),0.0,0.0
34390,,0.0,0.0,0.0,0,(),0.0,0.0
34395,,0.0,0.0,0.0,0,(),0.0,0.0
34400,,0.0,0.0,0.0,0,(),0.0,0.0
34405,,0.0,0.0,0.0,0,(),0.0,0.0
34410,,0.0,0.0,0.0,0,(),0.0,0.0
34415,,0.0,0.0,0.0,0,(),0.0,0.0
34420,,0.0,0.0,0.0,0,(),0.0,0.0
34425,,0.0,0.0,0.0,0,(),0.0,0.0
34430,,0.0,0.0,0.0,0,(),0.0,0.0
34435,,0.0,0.0,0.0,0,(),0.0,0.0
34440,,0.0,0.0,0.0,0,(),0.0,0.0
34445,,0.0,0.0,0.0,0,(),0.0,0.0
34450,,0.0,0.0,0.0,0,(),0.0,0.0
34455,,0.0,0.0,0.0,0,(),0.0,0.0
34460,,0.0,0.0,0.0,0,(),0.0,0.0
34465,,0.0,0.0,0.0,0,(),0.0,0.0
34470,,0.0,0.0,0.0,0,(),0.0,0.0
34475,,0.0,0.0,0.0,0,(),0.0,0.0
34480,,0.0,0.0,0.0,0,(),0.0,0.0
34485,,0.0,0.0,0.0,0,(),0.0,0.0
34490,,0.0,0.0,0.0,0,(),0.0,0.0
34495,,0.0,0.0,0.0,0,(),0.0,0.0
34500,,0.0,0.0,0.0,0,(),0.0,0.0
34505,,0.0,0.0,0.0,0,(),0.0,0.0
34510,,0.0,0.0,0.0,0,(),0.0,0.0
34515,,0.0,0.0,0.0,0,(),0.0,0.0
34520,,0.0,0.0,0.0,0,(),0.0,0.0
34525,,0.0,0.0,0.0,0,(),0.0,0.0
34530,,0.0,0.0,0.0,0,(),0.0,0.0
34535,,0.0,0.0,0.0,0,(),0.0,0.0
34540,,0.0,0.0,0.0,0,(),0.0,0.0
34545,,0.0,0.0,0.0,0,(),0.0,0.0
34550,,0.0,0.0,0.0,0,(),0.0,0.0
34555,,0.0,0.0,0.0,0,(),0.0,0.0
34560,,0.0,0.0,0.0,0,(),0.0,0.0
34565,,0.0,0.0,0.0,0,(),0.0,0.0
34570,,0.0,0.0,0.0,0,(),0.0,0.0
34575,,0.0,0.0,0.0,0,(),0.0,0.0
34580,,0.0,0.0,0.0,0,(),0.0,0.0
34585,,0.0,0.0,0.0,0,(),0.0,0.0
34590,,0.0,0.0,0.0,0,(),0.0,0.0
34595,,0.0,0.0,0.0,0,(),0.0,0.0
34600,,0.0,0.0,0.0,0,(),0.0,0.0
34605,,0.0,0.0,0.0,0,(),0.0,0.0
34610,,0.0,0.0,0.0,0,(),0.0,0.0
34615,,0.0,0.0,0.0,0,(),0.0,0.0
34620,,0.0,0.0,0.0,0,(),0.0,0.0
34625,,0.0,0.0,0.0,0,(),0.0,0.0
34630,,0.0,0.0,0.0,0,(),0.0,0.0
34635,,0.0,0.0,0.0,0,(),0.0,0.0
34640,,0.0,0.0,0.0,0,(),0.0,0.0
34645,,0.0,0.0,0.0,0,(),0.0,0.0
34650,,0.0,0.0,0.0,0,(),0.0,0.0
34655,,0.0,0.0,0.0,0,(),0.0,0.0
34660,,0.0,0.0,0.0,0,(),0.0,0.0
34665,,0.0,0.0,0.0,0,(),0.0,0.0
34670,,0.0,0.0,0.0,0,(),0.0,0.0
34675,,0.0,0.0,0.0,0,(),0.0,0.0
34680,,0.0,0.0,0.0,0,(),0.0,0.0
34685,,0.0,0.0,0.0,0,(),0.0,0.0
34690,,0.0,0.0,0.0,0,(),0.0,0.0
34695,,0.0,0.0,0.0,0,(),0.0,0.0
34700,,0.0,0.0,0.0,0,(),0.0,0.0
34705,,0.0,0.0,0.0,0,(),0.0,0.0
34710,,0.0,0.0,0.0,0,(),0.0,0.0
34715,,0.0,0.0,0.0,0,(),0.0,0.0
34720,,0.0,0.0,0.0,0,(),0.0,0.0
34725,,0.0,0.0,0.0,0,(),0.0,0.0
34730,,0.0,0.0,0.0,0,(),0.0,0.0
34735,,0.0,0.0,0.0,0,(),0.0,0.0
34740,,0.0,0.0,0.0,0,(),0.0,0.0
34745,,0.0,0.0,0.0,0,(),0.0,0.0
34750,,0.0,0.0,0.0,0,(),0.0,0.0
34755,,0.0,0.0,0.0,0,(),0.0,0.0
34760,,0.0,0.0,0.0,0,(),0.0,0.0
34765,,0.0,0.0,0.0,0,(),0.0,0.0
34770,,0.0,0.0,0.0,0,(),0.0,0.0
34775,,0.0,0.0,0.0,0,(),0.0,0.0
34780,,0.0,0.0,0.0,0,(),0.0,0.0
34785,,0.0,0.0,0.0,0,(),0.0,0.0
34790,,0.0,0.0,0.0,0,(),0.0,0.0
34795,,0.0,0.0,0.0,0,(),0.0,0.0
34800,,0.0,0.0,0.0,0,(),0.0,0.0
34805,,0.0,0.0,0.0,0,(),0.0,0.0
34810,,0.0,0.0,0.0,0,(),0.0,0.0
34815,,0.0,0.0,0.0,0,(),0.0,0.0
34820,,0.0,0.0,0.0,0,(),0.0,0.0
34825,,0.0,0.0,0.0,0,(),0.0,0.0
34830,,0.0,0.0,0.0,0,(),0.0,0.0
34835,,0.0,0.0,0.0,0,(),0.0,0.0
34840,,0.0,0.0,0.0,0,(),0.0,0.0
34845,,0.0,0.0,0.0,0,(),0.0,0.0
34850,,0.0,0.0,0.0,0,(),0.0,0.0
34855,,0.0,0.0,0.0,0,(),0.0,0.0
34860,,0.0,0.0,0.0,0,(),0.0,0.0
34865,,0.0,0.0,0.0,0,(),0.0,0.0
34870,,0.0,0.0,0.0,0,(),0.0,0.0
34875,,0.0,0.0,0.0,0,(),0.0,0.0
34880,,0.0,0.0,0.0,0,(),0.0,0.0
34885,,0.0,0.0,0.0,0,(),0.0,0.0
34890,,0.0,0.0,0.0,0,(),0.0,0.0
34895,,0.0,0.0,0.0,0,(),0.0,0.0
34900,,0.0,0.0,0.0,0,(),0.0,0.0
34905,,0.0,0.0,0.0,0,(),0.0,0.0
34910,,0.0,0.0,0.0,0,(),0.0,0.0
34915,,0.0,0.0,0.0,0,(),0.0,0.0
34920,,0.0,0.0,0.0,0,(),0.0,0.0
34925,,0.0,0.0,0.0,0,(),0.0,0.0
34930,,0.0,0.0,0.0,0,(),0.0,0.0
34935,,0.0,0.0,0.0,0,(),0.0,0.0
34940,,0.0,0.0,0.0,0,(),0.0,0.0
34945,,0.0,0.0,0.0,0,(),0.0,0.0
34950,,0.0,0.0,0.0,0,(),0.0,0.0
34955,,0.0,0.0,0.0,0,(),0.0,0.0
34960,,0.0,0.0,0.0,0,(),0.0,0.0
34965,,0.0,0.0,0.0,0,(),0.0,0.0
34970,,0.0,0.0,0.0,0,(),0.0,0.0
34975,,0.0,0.0,0.0,0,(),0.0,0.0
34980,,0.0,0.0,0.0,0,(),0.0,0.0
34985,,0.0,0.0,0.0,0,(),0.0,0.0
34990,,0.0,0.0,0.0,0,(),0.0,0.0
34995,,0.0,0.0,0.0,0,(),0.0,0.0
35000,,0.0,0.0,0.0,0,(),0.0,0.0
35005,,0.0,0.0,0.0,0,(),0.0,0.0
35010,,0.0,0.0,0.0,0,(),0.0,0.0
35015,,0.0,0.0,0.0,0,(),0.0,0.0
35020,,0.0,0.0,0.0,0,(),0.0,0.0
35025,,0.0,0.0,0.0,0,(),0.0,0.0
35030,,0.0,0.0,0.0,0,(),0.0,0.0
35035,,0.0,0.0,0.0,0,(),0.0,0.0
35040,,0.0,0.0,0.0,0,(),0.0,0.0
35045,,0.0,0.0,0.0,0,(),0.0,0.0
35050,,0.0,0.0,0.0,0,(),0.0,0.0
35055,,0.0,0.0,0.0,0,(),0.0,0.0
35060,,0.0,0.0,0.0,0,(),0.0,0.0
35065,,0.0,0.0,0.0,0,(),0.0,0.0
35070,,0.0,0.0,0.0,0,(),0.0,0.0
35075,,0.0,0.0,0.0,0,(),0.0,0.0
35080,,0.0,0.0,0.0,0,(),0.0,0.0
35085,,0.0,0.0,0.0,0,(),0.0,0.0
35090,,0.0,0.0,0.0,0,(),0.0,0.0
35095,,0.0,0.0,0.0,0,(),0.0,0.0
35100,,0.0,0.0,0.0,0,(),0.0,0.0
35105,,0.0,0.0,0.0,0,(),0.0,0.0
35110,,0.0,0.0,0.0,0,(),0.0,0.0
35115,,0.0,0.0,0.0,0,(),0.0,0.0
35120,,0.0,0.0,0.0,0,(),0.0,0.0
35125,,0.0,0.0,0.0,0,(),0.0,0.0
35130,,0.0,0.0,0.0,0,(),0.0,0.0
35135,,0.0,0.0,0.0,0,(),0.0,0.0
35140,,0.0,0.0,0.0,0,(),0.0,0.0
35145,,0.0,0.0,0.0,0,(),0.0,0.0
35150,,0.0,0.0,0.0,0,(),0.0,0.0
35155,,0.0,0.0,0.0,0,(),0.0,0.0
35160,,0.0,0.0,0.0,0,(),0.0,0.0
35165,,0.0,0.0,0.0,0,(),0.0,0.0
35170,,0.0,0.0,0.0,0,(),0.0,0.0
35175,,0.0,0.0,0.0,0,(),0.0,0.0
35180,,0.0,0.0,0.0,0,(),0.0,0.0
35185,,0.0,0.0,0.0,0,(),0.0,0.0
35190,,0.0,0.0,0.0,0,(),0.0,0.0
35195,,0.0,0.0,0.0,0,(),0.0,0.0
35200,,0.0,0.0,0.0,0,(),0.0,0.0
35205,,0.0,0.0,0.0,0,(),0.0,0.0
35210,,0.0,0.0,0.0,0,(),0.0,0.0
35215,,0.0,0.0,0.0,0,(),0.0,0.0
35220,,0.0,0.0,0.0,0,(),0.0,0.0
35225,,0.0,0.0,0.0,0,(),0.0,0.0
35230,,0.0,0.0,0.0,0,(),0.0,0.0
35235,,0.0,0.0,0.0,0,(),0.0,0.0
35240,,0.0,0.0,0.0,0,(),0.0,0.0
35245,,0.0,0.0,0.0,0,(),0.0,0.0
35250,,0.0,0.0,0.0,0,(),0.0,0.0
35255,,0.0,0.0,0.0,0,(),0.0,0.0
35260,,0.0,0.0,0.0,0,(),0.0,0.0
35265,,0.0,0.0,0.0,0,(),0.0,0.0
35270,,0.0,0.0,0.0,0,(),0.0,0.0
35275,,0.0,0.0,0.0,0,(),0.0,0.0
35280,,0.0,0.0,0.0,0,(),0.0,0.0
35285,,0.0,0.0,0.0,0,(),0.0,0.0
35290,,0.0,0.0,0.0,0,(),0.0,0.0
35295,,0.0,0.0,0.0,0,(),0.0,0.0
35300,,0.0,0.0,0.0,0,(),0.0,0.0
35305,,0.0,0.0,0.0,0,(),0.0,0.0
35310,,0.0,0.0,0.0,0,(),0.0,0.0
35315,,0.0,0.0,0.0,0,(),0.0,0.0
35320,,0.0,0.0,0.0,0,(),0.0,0.0
35325,,0.0,0.0,0.0,0,(),0.0,0.0
35330,,0.0,0.0,0.0,0,(),0.0,0.0
35335,,0.0,0.0,0.0,0,(),0.0,0.0
35340,,0.0,0.0,0.0,0,(),0.0,0.0
35345,,0.0,0.0,0.0,0,(),0.0,0.0
35350,,0.0,0.0,0.0,0,(),0.0,0.0
35355,,0.0,0.0,0.0,0,(),0.0,0.0
35360,,0.0,0.0,0.0,0,(),0.0,0.0
35365,,0.0,0.0,0.0,0,(),0.0,0.0
35370,,0.0,0.0,0.0,0,(),0.0,0.0
35375,,0.0,0.0,0.0,0,(),0.0,0.0
35380,,0.0,0.0,0.0,0,(),0.0,0.0
35385,,0.0,0.0,0.0,0,(),0.0,0.0
35390,,0.0,0.0,0.0,0,(),0.0,0.0
35395,,0.0,0.0,0.0,0,(),0.0,0.0
35400,,0.0,0.0,0.0,0,(),0.0,0.0
35405,,0.0,0.0,0.0,0,(),0.0,0.0
35410,,0.0,0.0,0.0,0,(),0.0,0.0
35415,,0.0,0.0,0.0,0,(),0.0,0.0
35420,,0.0,0.0,0.0,0,(),0.0,0.0
35425,,0.0,0.0,0.0,0,(),0.0,0.0
35430,,0.0,0.0,0.0,0,(),0.0,0.0
35435,,0.0,0.0,0.0,0,(),0.0,0.0
35440,,0.0,0.0,0.0,0,(),0.0,0.0
35445,,0.0,0.0,0.0,0,(),0.0,0.0
35450,,0.0,0.0,0.0,0,(),0.0,0.0
35455,,0.0,0.0,0.0,0,(),0.0,0.0
35460,,0.0,0.0,0.0,0,(),0.0,0.0
35465,,0.0,0.0,0.0,0,(),0.0,0.0
35470,,0.0,0.0,0.0,0,(),0.0,0.0
35475,,0.0,0.0,0.0,0,(),0.0,0.0
35480,,0.0,0.0,0.0,0,(),0.0,0.0
35485,,0.0,0.0,0.0,0,(),0.0,0.0
35490,,0.0,0.0,0.0,0,(),0.0,0.0
35495,,0.0,0.0,0.0,0,(),0.0,0.0
35500,,0.0,0.0,0.0,0,(),0.0,0.0
35505,,0.0,0.0,0.0,0,(),0.0,0.0
35510,,0.0,0.0,0.0,0,(),0.0,0.0
35515,,0.0,0.0,0.0,0,(),0.0,0.0
35520,,0.0,0.0,0.0,0,(),0.0,0.0
35525,,0.0,0.0,0.0,0,(),0.0,0.0
35530,,0.0,0.0,0.0,0,(),0.0,0.0
35535,,0.0,0.0,0.0,0,(),0.0,0.0
35540,,0.0,0.0,0.0,0,(),0.0,0.0
35545,,0.0,0.0,0.0,0,(),0.0,0.0
35550,,0.0,0.0,0.0,0,(),0.0,0.0
35555,,0.0,0.0,0.0,0,(),0.0,0.0
35560,,0.0,0.0,0.0,0,(),0.0,0.0
35565,,0.0,0.0,0.0,0,(),0.0,0.0
35570,,0.0,0.0,0.0,0,(),0.0,0.0
35575,,0.0,0.0,0.0,0,(),0.0,0.0
35580,,0.0,0.0,0.0,0,(),0.0,0.0
35585,,0.0,0.0,0.0,0,(),0.0,0.0
35590,,0.0,0.0,0.0,0,(),0.0,0.0
35595,,0.0,0.0,0.0,0,(),0.0,0.0
35600,,0.0,0.0,0.0,0,(),0.0,0.0
35605,,0.0,0.0,0.0,0,(),0.0,0.0
35610,,0.0,0.0,0.0,0,(),0.0,0.0
35615,,0.0,0.0,0.0,0,(),0.0,0.0
35620,,0.0,0.0,0.0,0,(),0.0,0.0
35625,,0.0,0.0,0.0,0,(),0.0,0.0
35630,,0.0,0.0,0.0,0,(),0.0,0.0
35635,,0.0,0.0,0.0,0,(),0.0,0.0
35640,,0.0,0.0,0.0,0,(),0.0,0.0
35645,,0.0,0.0,0.0,0,(),0.0,0.0
35650,,0.0,0.0,0.0,0,(),0.0,0.0
35655,,0.0,0.0,0.0,0,(),0.0,0.0
35660,,0.0,0.0,0.0,0,(),0.0,0.0
35665,,0.0,0.0,0.0,0,(),0.0,0.0
35670,,0.0,0.0,0.0,0,(),0.0,0.0
35675,,0.0,0.0,0.0,0,(),0.0,0.0
35680,,0.0,0.0,0.0,0,(),0.0,0.0
35685,,0.0,0.0,0.0,0,(),0.0,0.0
35690,,0.0,0.0,0.0,0,(),0.0,0.0
35695,,0.0,0.0,0.0,0,(),0.0,0.0
35700,,0.0,0.0,0.0,0,(),0.0,0.0
35705,,0.0,0.0,0.0,0,(),0.0,0.0
35710,,0.0,0.0,0.0,0,(),0.0,0.0
35715,,0.0,0.0,0.0,0,(),0.0,0.0
35720,,0.0,0.0,0.0,0,(),0.0,0.0
35725,,0.0,0.0,0.0,0,(),0.0,0.0
35730,,0.0,0.0,0.0,0,(),0.0,0.0
35735,,0.0,0.0,0.0,0,(),0.0,0.0
35740,,0.0,0.0,0.0,0,(),0.0,0.0
35745,,0.0,0.0,0.0,0,(),0.0,0.0
35750,,0.0,0.0,0.0,0,(),0.0,0.0
35755,,0.0,0.0,0.0,0,(),0.0,0.0
35760,,0.0,0.0,0.0,0,(),0.0,0.0
35765,,0.0,0.0,0.0,0,(),0.0,0.0
35770,,0.0,0.0,0.0,0,(),0.0,0.0
35775,,0.0,0.0,0.0,0,(),0.0,0.0
35780,,0.0,0.0,0.0,0,(),0.0,0.0
35785,,0.0,0.0,0.0,0,(),0.0,0.0
35790,,0.0,0.0,0.0,0,(),0.0,0.0
35795,,0.0,0.0,0.0,0,(),0.0,0.0
35800,,0.0,0.0,0.0,0,(),0.0,0.0
35805,,0.0,0.0,0.0,0,(),0.0,0.0
35810,,0.0,0.0,0.0,0,(),0.0,0.0
35815,,0.0,0.0,0.0,0,(),0.0,0.0
35820,,0.0,0.0,0.0,0,(),0.0,0.0
35825,,0.0,0.0,0.0,0,(),0.0,0.0
35830,,0.0,0.0,0.0,0,(),0.0,0.0
35835,,0.0,0.0,0.0,0,(),0.0,0.0
35840,,0.0,0.0,0.0,0,(),0.0,0.0
35845,,0.0,0.0,0.0,0,(),0.0,0.0
35850,,0.0,0.0,0.0,0,(),0.0,0.0
35855,,0.0,0.0,0.0,0,(),0.0,0.0
35860,,0.0,0.0,0.0,0,(),0.0,0.0
35865,,0.0,0.0,0.0,0,(),0.0,0.0
35870,,0.0,0.0,0.0,0,(),0.0,0.0
35875,,0.0,0.0,0.0,0,(),0.0,0.0
35880,,0.0,0.0,0.0,0,(),0.0,0.0
35885,,0.0,0.0,0.0,0,(),0.0,0.0
35890,,0.0,0.0,0.0,0,(),0.0,0.0
35895,,0.0,0.0,0.0,0,(),0.0,0.0
35900,,0.0,0.0,0.0,0,(),0.0,0.0
35905,,0.0,0.0,0.0,0,(),0.0,0.0
35910,,0.0,0.0,0.0,0,(),0.0,0.0
35915,,0.0,0.0,0.0,0,(),0.0,0.0
35920,,0.0,0.0,0.0,0,(),0.0,0.0
35925,,0.0,0.0,0.0,0,(),0.0,0.0
35930,,0.0,0.0,0.0,0,(),0.0,0.0
35935,,0.0,0.0,0.0,0,(),0.0,0.0
35940,,0.0,0.0,0.0,0,(),0.0,0.0
35945,,0.0,0.0,0.0,0,(),0.0,0.0
35950,,0.0,0.0,0.0,0,(),0.0,0.0
35955,,0.0,0.0,0.0,0,(),0.0,0.0
35960,,0.0,0.0,0.0,0,(),0.0,0.0
35965,,0.0,0.0,0.0,0,(),0.0,0.0
35970,,0.0,0.0,0.0,0,(),0.0,0.0
35975,,0.0,0.0,0.0,0,(),0.0,0.0
35980,,0.0,0.0,0.0,0,(),0.0,0.0
35985,,0.0,0.0,0.0,0,(),0.0,0.0
35990,,0.0,0.0,0.0,0,(),0.0,0.0
35995,,0.0,0.0,0.0,0,(),0.0,0.0
36000,,0.0,0.0,0.0,0,(),0.0,0.0
36005,,0.0,0.0,0.0,0,(),0.0,0.0
36010,,0.0,0.0,0.0,0,(),0.0,0.0
36015,,0.0,0.0,0.0,0,(),0.0,0.0
36020,,0.0,0.0,0.0,0,(),0.0,0.0
36025,,0.0,0.0,0.0,0,(),0.0,0.0
36030,,0.0,0.0,0.0,0,(),0.0,0.0
36035,,0.0,0.0,0.0,0,(),0.0,0.0
36040,,0.0,0.0,0.0,0,(),0.0,0.0
36045,,0.0,0.0,0.0,0,(),0.0,0.0
36050,,0.0,0.0,0.0,0,(),0.0,0.0
36055,,0.0,0.0,0.0,0,(),0.0,0.0
36060,,0.0,0.0,0.0,0,(),0.0,0.0
36065,,0.0,0.0,0.0,0,(),0.0,0.0
36070,,0.0,0.0,0.0,0,(),0.0,0.0
36075,,0.0,0.0,0.0,0,(),0.0,0.0
36080,,0.0,0.0,0.0,0,(),0.0,0.0
36085,,0.0,0.0,0.0,0,(),0.0,0.0
36090,,0.0,0.0,0.0,0,(),0.0,0.0
36095,,0.0,0.0,0.0,0,(),0.0,0.0
36100,,0.0,0.0,0.0,0,(),0.0,0.0
36105,,0.0,0.0,0.0,0,(),0.0,0.0
36110,,0.0,0.0,0.0,0,(),0.0,0.0
36115,,0.0,0.0,0.0,0,(),0.0,0.0
36120,,0.0,0.0,0.0,0,(),0.0,0.0
36125,,0.0,0.0,0.0,0,(),0.0,0.0
36130,,0.0,0.0,0.0,0,(),0.0,0.0
36135,,0.0,0.0,0.0,0,(),0.0,0.0
36140,,0.0,0.0,0.0,0,(),0.0,0.0
36145,,0.0,0.0,0.0,0,(),0.0,0.0
36150,,0.0,0.0,0.0,0,(),0.0,0.0
36155,,0.0,0.0,0.0,0,(),0.0,0.0
36160,,0.0,0.0,0.0,0,(),0.0,0.0
36165,,0.0,0.0,0.0,0,(),0.0,0.0
36170,,0.0,0.0,0.0,0,(),0.0,0.0
36175,,0.0,0.0,0.0,0,(),0.0,0.0
36180,,0.0,0.0,0.0,0,(),0.0,0.0
36185,,0.0,0.0,0.0,0,(),0.0,0.0
36190,,0.0,0.0,0.0,0,(),0.0,0.0
36195,,0.0,0.0,0.0,0,(),0.0,0.0
36200,,0.0,0.0,0.0,0,(),0.0,0.0
36205,,0.0,0.0,0.0,0,(),0.0,0.0
36210,,0.0,0.0,0.0,0,(),0.0,0.0
36215,,0.0,0.0,0.0,0,(),0.0,0.0
36220,,0.0,0.0,0.0,0,(),0.0,0.0
36225,,0.0,0.0,0.0,0,(),0.0,0.0
36230,,0.0,0.0,0.0,0,(),0.0,0.0
36235,,0.0,0.0,0.0,0,(),0.0,0.0
36240,,0.0,0.0,0.0,0,(),0.0,0.0
36245,,0.0,0.0,0.0,0,(),0.0,0.0
36250,,0.0,0.0,0.0,0,(),0.0,0.0
36255,,0.0,0.0,0.0,0,(),0.0,0.0
36260,,0.0,0.0,0.0,0,(),0.0,0.0
36265,,0.0,0.0,0.0,0,(),0.0,0.0
36270,,0.0,0.0,0.0,0,(),0.0,0.0
36275,,0.0,0.0,0.0,0,(),0.0,0.0
36280,,0.0,0.0,0.0,0,(),0.0,0.0
36285,,0.0,0.0,0.0,0,(),0.0,0.0
36290,,0.0,0.0,0.0,0,(),0.0,0.0
36295,,0.0,0.0,0.0,0,(),0.0,0.0
36300,,0.0,0.0,0.0,0,(),0.0,0.0
36305,,0.0,0.0,0.0,0,(),0.0,0.0
36310,,0.0,0.0,0.0,0,(),0.0,0.0
36315,,0.0,0.0,0.0,0,(),0.0,0.0
36320,,0.0,0.0,0.0,0,(),0.0,0.0
36325,,0.0,0.0,0.0,0,(),0.0,0.0
36330,,0.0,0.0,0.0,0,(),0.0,0.0
36335,,0.0,0.0,0.0,0,(),0.0,0.0
36340,,0.0,0.0,0.0,0,(),0.0,0.0
36345,,0.0,0.0,0.0,0,(),0.0,0.0
36350,,0.0,0.0,0.0,0,(),0.0,0.0
36355,,0.0,0.0,0.0,0,(),0.0,0.0
36360,,0.0,0.0,0.0,0,(),0.0,0.0
36365,,0.0,0.0,0.0,0,(),0.0,0.0
36370,,0.0,0.0,0.0,0,(),0.0,0.0
36375,,0.0,0.0,0.0,0,(),0.0,0.0
36380,,0.0,0.0,0.0,0,(),0.0,0.0
36385,,0.0,0.0,0.0,0,(),0.0,0.0
36390,,0.0,0.0,0.0,0,(),0.0,0.0
36395,,0.0,0.0,0.0,0,(),0.0,0.0
36400,,0.0,0.0,0.0,0,(),0.0,0.0
36405,,0.0,0.0,0.0,0,(),0.0,0.0
36410,,0.0,0.0,0.0,0,(),0.0,0.0
36415,,0.0,0.0,0.0,0,(),0.0,0.0
36420,,0.0,0.0,0.0,0,(),0.0,0.0
36425,,0.0,0.0,0.0,0,(),0.0,0.0
36430,,0.0,0.0,0.0,0,(),0.0,0.0
36435,,0.0,0.0,0.0,0,(),0.0,0.0
36440,,0.0,0.0,0.0,0,(),0.0,0.0
36445,,0.0,0.0,0.0,0,(),0.0,0.0
36450,,0.0,0.0,0.0,0,(),0.0,0.0
36455,,0.0,0.0,0.0,0,(),0.0,0.0
36460,,0.0,0.0,0.0,0,(),0.0,0.0
36465,,0.0,0.0,0.0,0,(),0.0,0.0
36470,,0.0,0.0,0.0,0,(),0.0,0.0
36475,,0.0,0.0,0.0,0,(),0.0,0.0
36480,,0.0,0.0,0.0,0,(),0.0,0.0
36485,,0.0,0.0,0.0,0,(),0.0,0.0
36490,,0.0,0.0,0.0,0,(),0.0,0.0
36495,,0.0,0.0,0.0,0,(),0.0,0.0
36500,,0.0,0.0,0.0,0,(),0.0,0.0
36505,,0.0,0.0,0.0,0,(),0.0,0.0
36510,,0.0,0.0,0.0,0,(),0.0,0.0
36515,,0.0,0.0,0.0,0,(),0.0,0.0
36520,,0.0,0.0,0.0,0,(),0.0,0.0
36525,,0.0,0.0,0.0,0,(),0.0,0.0
36530,,0.0,0.0,0.0,0,(),0.0,0.0
36535,,0.0,0.0,0.0,0,(),0.0,0.0
36540,,0.0,0.0,0.0,0,(),0.0,0.0
36545,,0.0,0.0,0.0,0,(),0.0,0.0
36550,,0.0,0.0,0.0,0,(),0.0,0.0
36555,,0.0,0.0,0.0,0,(),0.0,0.0
36560,,0.0,0.0,0.0,0,(),0.0,0.0
36565,,0.0,0.0,0.0,0,(),0.0,0.0
36570,,0.0,0.0,0.0,0,(),0.0,0.0
36575,,0.0,0.0,0.0,0,(),0.0,0.0
36580,,0.0,0.0,0.0,0,(),0.0,0.0
36585,,0.0,0.0,0.0,0,(),0.0,0.0
36590,,0.0,0.0,0.0,0,(),0.0,0.0
36595,,0.0,0.0,0.0,0,(),0.0,0.0
36600,,0.0,0.0,0.0,0,(),0.0,0.0
36605,,0.0,0.0,0.0,0,(),0.0,0.0
36610,,0.0,0.0,0.0,0,(),0.0,0.0
36615,,0.0,0.0,0.0,0,(),0.0,0.0
36620,,0.0,0.0,0.0,0,(),0.0,0.0
36625,,0.0,0.0,0.0,0,(),0.0,0.0
36630,,0.0,0.0,0.0,0,(),0.0,0.0
36635,,0.0,0.0,0.0,0,(),0.0,0.0
36640,,0.0,0.0,0.0,0,(),0.0,0.0
36645,,0.0,0.0,0.0,0,(),0.0,0.0
36650,,0.0,0.0,0.0,0,(),0.0,0.0
36655,,0.0,0.0,0.0,0,(),0.0,0.0
36660,,0.0,0.0,0.0,0,(),0.0,0.0
36665,,0.0,0.0,0.0,0,(),0.0,0.0
36670,,0.0,0.0,0.0,0,(),0.0,0.0
36675,,0.0,0.0,0.0,0,(),0.0,0.0
36680,,0.0,0.0,0.0,0,(),0.0,0.0
36685,,0.0,0.0,0.0,0,(),0.0,0.0
36690,,0.0,0.0,0.0,0,(),0.0,0.0
36695,,0.0,0.0,0.0,0,(),0.0,0.0
36700,,0.0,0.0,0.0,0,(),0.0,0.0
36705,,0.0,0.0,0.0,0,(),0.0,0.0
36710,,0.0,0.0,0.0,0,(),0.0,0.0
36715,,0.0,0.0,0.0,0,(),0.0,0.0
36720,,0.0,0.0,0.0,0,(),0.0,0.0
36725,,0.0,0.0,0.0,0,(),0.0,0.0
36730,,0.0,0.0,0.0,0,(),0.0,0.0
36735,,0.0,0.0,0.0,0,(),0.0,0.0
36740,,0.0,0.0,0.0,0,(),0.0,0.0
36745,,0.0,0.0,0.0,0,(),0.0,0.0
36750,,0.0,0.0,0.0,0,(),0.0,0.0
36755,,0.0,0.0,0.0,0,(),0.0,0.0
36760,,0.0,0.0,0.0,0,(),0.0,0.0
36765,,0.0,0.0,0.0,0,(),0.0,0.0
36770,,0.0,0.0,0.0,0,(),0.0,0.0
36775,,0.0,0.0,0.0,0,(),0.0,0.0
36780,,0.0,0.0,0.0,0,(),0.0,0.0
36785,,0.0,0.0,0.0,0,(),0.0,0.0
36790,,0.0,0.0,0.0,0,(),0.0,0.0
36795,,0.0,0.0,0.0,0,(),0.0,0.0
36800,,0.0,0.0,0.0,0,(),0.0,0.0
36805,,0.0,0.0,0.0,0,(),0.0,0.0
36810,,0.0,0.0,0.0,0,(),0.0,0.0
36815,,0.0,0.0,0.0,0,(),0.0,0.0
36820,,0.0,0.0,0.0,0,(),0.0,0.0
36825,,0.0,0.0,0.0,0,(),0.0,0.0
36830,,0.0,0.0,0.0,0,(),0.0,0.0
36835,,0.0,0.0,0.0,0,(),0.0,0.0
36840,,0.0,0.0,0.0,0,(),0.0,0.0
36845,,0.0,0.0,0.0,0,(),0.0,0.0
36850,,0.0,0.0,0.0,0,(),0.0,0.0
36855,,0.0,0.0,0.0,0,(),0.0,0.0
36860,,0.0,0.0,0.0,0,(),0.0,0.0
36865,,0.0,0.0,0.0,0,(),0.0,0.0
36870,,0.0,0.0,0.0,0,(),0.0,0.0
36875,,0.0,0.0,0.0,0,(),0.0,0.0
36880,,0.0,0.0,0.0,0,(),0.0,0.0
36885,,0.0,0.0,0.0,0,(),0.0,0.0
36890,,0.0,0.0,0.0,0,(),0.0,0.0
36895,,0.0,0.0,0.0,0,(),0.0,0.0
36900,,0.0,0.0,0.0,0,(),0.0,0.0
36905,,0.0,0.0,0.0,0,(),0.0,0.0
36910,,0.0,0.0,0.0,0,(),0.0,0.0
36915,,0.0,0.0,0.0,0,(),0.0,0.0
36920,,0.0,0.0,0.0,0,(),0.0,0.0
36925,,0.0,0.0,0.0,0,(),0.0,0.0
36930,,0.0,0.0,0.0,0,(),0.0,0.0
36935,,0.0,0.0,0.0,0,(),0.0,0.0
36940,,0.0,0.0,0.0,0,(),0.0,0.0
36945,,0.0,0.0,0.0,0,(),0.0,0.0
36950,,0.0,0.0,0.0,0,(),0.0,0.0
36955,,0.0,0.0,0.0,0,(),0.0,0.0
36960,,0.0,0.0,0.0,0,(),0.0,0.0
36965,,0.0,0.0,0.0,0,(),0.0,0.0
36970,,0.0,0.0,0.0,0,(),0.0,0.0
36975,,0.0,0.0,0.0,0,(),0.0,0.0
36980,,0.0,0.0,0.0,0,(),0.0,0.0
36985,,0.0,0.0,0.0,0,(),0.0,0.0
36990,,0.0,0.0,0.0,0,(),0.0,0.0
36995,,0.0,0.0,0.0,0,(),0.0,0.0
37000,,0.0,0.0,0.0,0,(),0.0,0.0
37005,,0.0,0.0,0.0,0,(),0.0,0.0
37010,,0.0,0.0,0.0,0,(),0.0,0.0
37015,,0.0,0.0,0.0,0,(),0.0,0.0
37020,,0.0,0.0,0.0,0,(),0.0,0.0
37025,,0.0,0.0,0.0,0,(),0.0,0.0
37030,,0.0,0.0,0.0,0,(),0.0,0.0
37035,,0.0,0.0,0.0,0,(),0.0,0.0
37040,,0.0,0.0,0.0,0,(),0.0,0.0
37045,,0.0,0.0,0.0,0,(),0.0,0.0
37050,,0.0,0.0,0.0,0,(),0.0,0.0
37055,,0.0,0.0,0.0,0,(),0.0,0.0
37060,,0.0,0.0,0.0,0,(),0.0,0.0
37065,,0.0,0.0,0.0,0,(),0.0,0.0
37070,,0.0,0.0,0.0,0,(),0.0,0.0
37075,,0.0,0.0,0.0,0,(),0.0,0.0
37080,,0.0,0.0,0.0,0,(),0.0,0.0
37085,,0.0,0.0,0.0,0,(),0.0,0.0
37090,,0.0,0.0,0.0,0,(),0.0,0.0
37095,,0.0,0.0,0.0,0,(),0.0,0.0
37100,,0.0,0.0,0.0,0,(),0.0,0.0
37105,,0.0,0.0,0.0,0,(),0.0,0.0
37110,,0.0,0.0,0.0,0,(),0.0,0.0
37115,,0.0,0.0,0.0,0,(),0.0,0.0
37120,,0.0,0.0,0.0,0,(),0.0,0.0
37125,,0.0,0.0,0.0,0,(),0.0,0.0
37130,,0.0,0.0,0.0,0,(),0.0,0.0
37135,,0.0,0.0,0.0,0,(),0.0,0.0
37140,,0.0,0.0,0.0,0,(),0.0,0.0
37145,,0.0,0.0,0.0,0,(),0.0,0.0
37150,,0.0,0.0,0.0,0,(),0.0,0.0
37155,,0.0,0.0,0.0,0,(),0.0,0.0
37160,,0.0,0.0,0.0,0,(),0.0,0.0
37165,,0.0,0.0,0.0,0,(),0.0,0.0
37170,,0.0,0.0,0.0,0,(),0.0,0.0
37175,,0.0,0.0,0.0,0,(),0.0,0.0
37180,,0.0,0.0,0.0,0,(),0.0,0.0
37185,,0.0,0.0,0.0,0,(),0.0,0.0
37190,,0.0,0.0,0.0,0,(),0.0,0.0
37195,,0.0,0.0,0.0,0,(),0.0,0.0
37200,,0.0,0.0,0.0,0,(),0.0,0.0
37205,,0.0,0.0,0.0,0,(),0.0,0.0
37210,,0.0,0.0,0.0,0,(),0.0,0.0
37215,,0.0,0.0,0.0,0,(),0.0,0.0
37220,,0.0,0.0,0.0,0,(),0.0,0.0
37225,,0.0,0.0,0.0,0,(),0.0,0.0
37230,,0.0,0.0,0.0,0,(),0.0,0.0
37235,,0.0,0.0,0.0,0,(),0.0,0.0
37240,,0.0,0.0,0.0,0,(),0.0,0.0
37245,,0.0,0.0,0.0,0,(),0.0,0.0
37250,,0.0,0.0,0.0,0,(),0.0,0.0
37255,,0.0,0.0,0.0,0,(),0.0,0.0
37260,,0.0,0.0,0.0,0,(),0.0,0.0
37265,,0.0,0.0,0.0,0,(),0.0,0.0
37270,,0.0,0.0,0.0,0,(),0.0,0.0
37275,,0.0,0.0,0.0,0,(),0.0,0.0
37280,,0.0,0.0,0.0,0,(),0.0,0.0
37285,,0.0,0.0,0.0,0,(),0.0,0.0
37290,,0.0,0.0,0.0,0,(),0.0,0.0
37295,,0.0,0.0,0.0,0,(),0.0,0.0
37300,,0.0,0.0,0.0,0,(),0.0,0.0
37305,,0.0,0.0,0.0,0,(),0.0,0.0
37310,,0.0,0.0,0.0,0,(),0.0,0.0
37315,,0.0,0.0,0.0,0,(),0.0,0.0
37320,,0.0,0.0,0.0,0,(),0.0,0.0
37325,,0.0,0.0,0.0,0,(),0.0,0.0
37330,,0.0,0.0,0.0,0,(),0.0,0.0
37335,,0.0,0.0,0.0,0,(),0.0,0.0
37340,,0.0,0.0,0.0,0,(),0.0,0.0
37345,,0.0,0.0,0.0,0,(),0.0,0.0
37350,,0.0,0.0,0.0,0,(),0.0,0.0
37355,,0.0,0.0,0.0,0,(),0.0,0.0
37360,,0.0,0.0,0.0,0,(),0.0,0.0
37365,,0.0,0.0,0.0,0,(),0.0,0.0
37370,,0.0,0.0,0.0,0,(),0.0,0.0
37375,,0.0,0.0,0.0,0,(),0.0,0.0
37380,,0.0,0.0,0.0,0,(),0.0,0.0
37385,,0.0,0.0,0.0,0,(),0.0,0.0
37390,,0.0,0.0,0.0,0,(),0.0,0.0
37395,,0.0,0.0,0.0,0,(),0.0,0.0
37400,,0.0,0.0,0.0,0,(),0.0,0.0
37405,,0.0,0.0,0.0,0,(),0.0,0.0
37410,,0.0,0.0,0.0,0,(),0.0,0.0
37415,,0.0,0.0,0.0,0,(),0.0,0.0
37420,,0.0,0.0,0.0,0,(),0.0,0.0
37425,,0.0,0.0,0.0,0,(),0.0,0.0
37430,,0.0,0.0,0.0,0,(),0.0,0.0
37435,,0.0,0.0,0.0,0,(),0.0,0.0
37440,,0.0,0.0,0.0,0,(),0.0,0.0
37445,,0.0,0.0,0.0,0,(),0.0,0.0
37450,,0.0,0.0,0.0,0,(),0.0,0.0
37455,,0.0,0.0,0.0,0,(),0.0,0.0
37460,,0.0,0.0,0.0,0,(),0.0,0.0
37465,,0.0,0.0,0.0,0,(),0.0,0.0
37470,,0.0,0.0,0.0,0,(),0.0,0.0
37475,,0.0,0.0,0.0,0,(),0.0,0.0
37480,,0.0,0.0,0.0,0,(),0.0,0.0
37485,,0.0,0.0,0.0,0,(),0.0,0.0
37490,,0.0,0.0,0.0,0,(),0.0,0.0
37495,,0.0,0.0,0.0,0,(),0.0,0.0
37500,,0.0,0.0,0.0,0,(),0.0,0.0
37505,,0.0,0.0,0.0,0,(),0.0,0.0
37510,,0.0,0.0,0.0,0,(),0.0,0.0
37515,,0.0,0.0,0.0,0,(),0.0,0.0
37520,,0.0,0.0,0.0,0,(),0.0,0.0
37525,,0.0,0.0,0.0,0,(),0.0,0.0
37530,,0.0,0.0,0.0,0,(),0.0,0.0
37535,,0.0,0.0,0.0,0,(),0.0,0.0
37540,,0.0,0.0,0.0,0,(),0.0,0.0
37545,,0.0,0.0,0.0,0,(),0.0,0.0
37550,,0.0,0.0,0.0,0,(),0.0,0.0
37555,,0.0,0.0,0.0,0,(),0.0,0.0
37560,,0.0,0.0,0.0,0,(),0.0,0.0
37565,,0.0,0.0,0.0,0,(),0.0,0.0
37570,,0.0,0.0,0.0,0,(),0.0,0.0
37575,,0.0,0.0,0.0,0,(),0.0,0.0
37580,,0.0,0.0,0.0,0,(),0.0,0.0
37585,,0.0,0.0,0.0,0,(),0.0,0.0
37590,,0.0,0.0,0.0,0,(),0.0,0.0
37595,,0.0,0.0,0.0,0,(),0.0,0.0
37600,,0.0,0.0,0.0,0,(),0.0,0.0
37605,,0.0,0.0,0.0,0,(),0.0,0.0
37610,,0.0,0.0,0.0,0,(),0.0,0.0
37615,,0.0,0.0,0.0,0,(),0.0,0.0
37620,,0.0,0.0,0.0,0,(),0.0,0.0
37625,,0.0,0.0,0.0,0,(),0.0,0.0
37630,,0.0,0.0,0.0,0,(),0.0,0.0
37635,,0.0,0.0,0.0,0,(),0.0,0.0
37640,,0.0,0.0,0.0,0,(),0.0,0.0
37645,,0.0,0.0,0.0,0,(),0.0,0.0
37650,,0.0,0.0,0.0,0,(),0.0,0.0
37655,,0.0,0.0,0.0,0,(),0.0,0.0
37660,,0.0,0.0,0.0,0,(),0.0,0.0
37665,,0.0,0.0,0.0,0,(),0.0,0.0
37670,,0.0,0.0,0.0,0,(),0.0,0.0
37675,,0.0,0.0,0.0,0,(),0.0,0.0
37680,,0.0,0.0,0.0,0,(),0.0,0.0
37685,,0.0,0.0,0.0,0,(),0.0,0.0
37690,,0.0,0.0,0.0,0,(),0.0,0.0
37695,,0.0,0.0,0.0,0,(),0.0,0.0
37700,,0.0,0.0,0.0,0,(),0.0,0.0
37705,,0.0,0.0,0.0,0,(),0.0,0.0
37710,,0.0,0.0,0.0,0,(),0.0,0.0
37715,,0.0,0.0,0.0,0,(),0.0,0.0
37720,,0.0,0.0,0.0,0,(),0.0,0.0
37725,,0.0,0.0,0.0,0,(),0.0,0.0
37730,,0.0,0.0,0.0,0,(),0.0,0.0
37735,,0.0,0.0,0.0,0,(),0.0,0.0
37740,,0.0,0.0,0.0,0,(),0.0,0.0
37745,,0.0,0.0,0.0,0,(),0.0,0.0
37750,,0.0,0.0,0.0,0,(),0.0,0.0
37755,,0.0,0.0,0.0,0,(),0.0,0.0
37760,,0.0,0.0,0.0,0,(),0.0,0.0
37765,,0.0,0.0,0.0,0,(),0.0,0.0
37770,,0.0,0.0,0.0,0,(),0.0,0.0
37775,,0.0,0.0,0.0,0,(),0.0,0.0
37780,,0.0,0.0,0.0,0,(),0.0,0.0
37785,,0.0,0.0,0.0,0,(),0.0,0.0
37790,,0.0,0.0,0.0,0,(),0.0,0.0
37795,,0.0,0.0,0.0,0,(),0.0,0.0
37800,,0.0,0.0,0.0,0,(),0.0,0.0
37805,,0.0,0.0,0.0,0,(),0.0,0.0
37810,,0.0,0.0,0.0,0,(),0.0,0.0
37815,,0.0,0.0,0.0,0,(),0.0,0.0
37820,,0.0,0.0,0.0,0,(),0.0,0.0
37825,,0.0,0.0,0.0,0,(),0.0,0.0
37830,,0.0,0.0,0.0,0,(),0.0,0.0
37835,,0.0,0.0,0.0,0,(),0.0,0.0
37840,,0.0,0.0,0.0,0,(),0.0,0.0
37845,,0.0,0.0,0.0,0,(),0.0,0.0
37850,,0.0,0.0,0.0,0,(),0.0,0.0
37855,,0.0,0.0,0.0,0,(),0.0,0.0
37860,,0.0,0.0,0.0,0,(),0.0,0.0
37865,,0.0,0.0,0.0,0,(),0.0,0.0
37870,,0.0,0.0,0.0,0,(),0.0,0.0
37875,,0.0,0.0,0.0,0,(),0.0,0.0
37880,,0.0,0.0,0.0,0,(),0.0,0.0
37885,,0.0,0.0,0.0,0,(),0.0,0.0
37890,,0.0,0.0,0.0,0,(),0.0,0.0
37895,,0.0,0.0,0.0,0,(),0.0,0.0
37900,,0.0,0.0,0.0,0,(),0.0,0.0
37905,,0.0,0.0,0.0,0,(),0.0,0.0
37910,,0.0,0.0,0.0,0,(),0.0,0.0
37915,,0.0,0.0,0.0,0,(),0.0,0.0
37920,,0.0,0.0,0.0,0,(),0.0,0.0
37925,,0.0,0.0,0.0,0,(),0.0,0.0
37930,,0.0,0.0,0.0,0,(),0.0,0.0
37935,,0.0,0.0,0.0,0,(),0.0,0.0
37940,,0.0,0.0,0.0,0,(),0.0,0.0
37945,,0.0,0.0,0.0,0,(),0.0,0.0
37950,,0.0,0.0,0.0,0,(),0.0,0.0
37955,,0.0,0.0,0.0,0,(),0.0,0.0
37960,,0.0,0.0,0.0,0,(),0.0,0.0
37965,,0.0,0.0,0.0,0,(),0.0,0.0
37970,,0.0,0.0,0.0,0,(),0.0,0.0
37975,,0.0,0.0,0.0,0,(),0.0,0.0
37980,,0.0,0.0,0.0,0,(),0.0,0.0
37985,,0.0,0.0,0.0,0,(),0.0,0.0
37990,,0.0,0.0,0.0,0,(),0.0,0.0
37995,,0.0,0.0,0.0,0,(),0.0,0.0
38000,,0.0,0.0,0.0,0,(),0.0,0.0
38005,,0.0,0.0,0.0,0,(),0.0,0.0
38010,,0.0,0.0,0.0,0,(),0.0,0.0
38015,,0.0,0.0,0.0,0,(),0.0,0.0
38020,,0.0,0.0,0.0,0,(),0.0,0.0
38025,,0.0,0.0,0.0,0,(),0.0,0.0
38030,,0.0,0.0,0.0,0,(),0.0,0.0
38035,,0.0,0.0,0.0,0,(),0.0,0.0
38040,,0.0,0.0,0.0,0,(),0.0,0.0
38045,,0.0,0.0,0.0,0,(),0.0,0.0
38050,,0.0,0.0,0.0,0,(),0.0,0.0
38055,,0.0,0.0,0.0,0,(),0.0,0.0
38060,,0.0,0.0,0.0,0,(),0.0,0.0
38065,,0.0,0.0,0.0,0,(),0.0,0.0
38070,,0.0,0.0,0.0,0,(),0.0,0.0
38075,,0.0,0.0,0.0,0,(),0.0,0.0
38080,,0.0,0.0,0.0,0,(),0.0,0.0
38085,,0.0,0.0,0.0,0,(),0.0,0.0
38090,,0.0,0.0,0.0,0,(),0.0,0.0
38095,,0.0,0.0,0.0,0,(),0.0,0.0
38100,,0.0,0.0,0.0,0,(),0.0,0.0
38105,,0.0,0.0,0.0,0,(),0.0,0.0
38110,,0.0,0.0,0.0,0,(),0.0,0.0
38115,,0.0,0.0,0.0,0,(),0.0,0.0
38120,,0.0,0.0,0.0,0,(),0.0,0.0
38125,,0.0,0.0,0.0,0,(),0.0,0.0
38130,,0.0,0.0,0.0,0,(),0.0,0.0
38135,,0.0,0.0,0.0,0,(),0.0,0.0
38140,,0.0,0.0,0.0,0,(),0.0,0.0
38145,,0.0,0.0,0.0,0,(),0.0,0.0
38150,,0.0,0.0,0.0,0,(),0.0,0.0
38155,,0.0,0.0,0.0,0,(),0.0,0.0
38160,,0.0,0.0,0.0,0,(),0.0,0.0
38165,,0.0,0.0,0.0,0,(),0.0,0.0
38170,,0.0,0.0,0.0,0,(),0.0,0.0
38175,,0.0,0.0,0.0,0,(),0.0,0.0
38180,,0.0,0.0,0.0,0,(),0.0,0.0
38185,,0.0,0.0,0.0,0,(),0.0,0.0
38190,,0.0,0.0,0.0,0,(),0.0,0.0
38195,,0.0,0.0,0.0,0,(),0.0,0.0
38200,,0.0,0.0,0.0,0,(),0.0,0.0
38205,,0.0,0.0,0.0,0,(),0.0,0.0
38210,,0.0,0.0,0.0,0,(),0.0,0.0
38215,,0.0,0.0,0.0,0,(),0.0,0.0
38220,,0.0,0.0,0.0,0,(),0.0,0.0
38225,,0.0,0.0,0.0,0,(),0.0,0.0
38230,,0.0,0.0,0.0,0,(),0.0,0.0
38235,,0.0,0.0,0.0,0,(),0.0,0.0
38240,,0.0,0.0,0.0,0,(),0.0,0.0
38245,,0.0,0.0,0.0,0,(),0.0,0.0
38250,,0.0,0.0,0.0,0,(),0.0,0.0
38255,,0.0,0.0,0.0,0,(),0.0,0.0
38260,,0.0,0.0,0.0,0,(),0.0,0.0
38265,,0.0,0.0,0.0,0,(),0.0,0.0
38270,,0.0,0.0,0.0,0,(),0.0,0.0
38275,,0.0,0.0,0.0,0,(),0.0,0.0
38280,,0.0,0.0,0.0,0,(),0.0,0.0
38285,,0.0,0.0,0.0,0,(),0.0,0.0
38290,,0.0,0.0,0.0,0,(),0.0,0.0
38295,,0.0,0.0,0.0,0,(),0.0,0.0
38300,,0.0,0.0,0.0,0,(),0.0,0.0
38305,,0.0,0.0,0.0,0,(),0.0,0.0
38310,,0.0,0.0,0.0,0,(),0.0,0.0
38315,,0.0,0.0,0.0,0,(),0.0,0.0
38320,,0.0,0.0,0.0,0,(),0.0,0.0
38325,,0.0,0.0,0.0,0,(),0.0,0.0
38330,,0.0,0.0,0.0,0,(),0.0,0.0
38335,,0.0,0.0,0.0,0,(),0.0,0.0
38340,,0.0,0.0,0.0,0,(),0.0,0.0
38345,,0.0,0.0,0.0,0,(),0.0,0.0
38350,,0.0,0.0,0.0,0,(),0.0,0.0
38355,,0.0,0.0,0.0,0,(),0.0,0.0
38360,,0.0,0.0,0.0,0,(),0.0,0.0
38365,,0.0,0.0,0.0,0,(),0.0,0.0
38370,,0.0,0.0,0.0,0,(),0.0,0.0
38375,,0.0,0.0,0.0,0,(),0.0,0.0
38380,,0.0,0.0,0.0,0,(),0.0,0.0
38385,,0.0,0.0,0.0,0,(),0.0,0.0
38390,,0.0,0.0,0.0,0,(),0.0,0.0
38395,,0.0,0.0,0.0,0,(),0.0,0.0
38400,,0.0,0.0,0.0,0,(),0.0,0.0
38405,,0.0,0.0,0.0,0,(),0.0,0.0
38410,,0.0,0.0,0.0,0,(),0.0,0.0
38415,,0.0,0.0,0.0,0,(),0.0,0.0
38420,,0.0,0.0,0.0,0,(),0.0,0.0
38425,,0.0,0.0,0.0,0,(),0.0,0.0
38430,,0.0,0.0,0.0,0,(),0.0,0.0
38435,,0.0,0.0,0.0,0,(),0.0,0.0
38440,,0.0,0.0,0.0,0,(),0.0,0.0
38445,,0.0,0.0,0.0,0,(),0.0,0.0
38450,,0.0,0.0,0.0,0,(),0.0,0.0
38455,,0.0,0.0,0.0,0,(),0.0,0.0
38460,,0.0,0.0,0.0,0,(),0.0,0.0
38465,,0.0,0.0,0.0,0,(),0.0,0.0
38470,,0.0,0.0,0.0,0,(),0.0,0.0
38475,,0.0,0.0,0.0,0,(),0.0,0.0
38480,,0.0,0.0,0.0,0,(),0.0,0.0
38485,,0.0,0.0,0.0,0,(),0.0,0.0
38490,,0.0,0.0,0.0,0,(),0.0,0.0
38495,,0.0,0.0,0.0,0,(),0.0,0.0
38500,,0.0,0.0,0.0,0,(),0.0,0.0
38505,,0.0,0.0,0.0,0,(),0.0,0.0
38510,,0.0,0.0,0.0,0,(),0.0,0.0
38515,,0.0,0.0,0.0,0,(),0.0,0.0
38520,,0.0,0.0,0.0,0,(),0.0,0.0
38525,,0.0,0.0,0.0,0,(),0.0,0.0
38530,,0.0,0.0,0.0,0,(),0.0,0.0
38535,,0.0,0.0,0.0,0,(),0.0,0.0
38540,,0.0,0.0,0.0,0,(),0.0,0.0
38545,,0.0,0.0,0.0,0,(),0.0,0.0
38550,,0.0,0.0,0.0,0,(),0.0,0.0
38555,,0.0,0.0,0.0,0,(),0.0,0.0
38560,,0.0,0.0,0.0,0,(),0.0,0.0
38565,,0.0,0.0,0.0,0,(),0.0,0.0
38570,,0.0,0.0,0.0,0,(),0.0,0.0
38575,,0.0,0.0,0.0,0,(),0.0,0.0
38580,,0.0,0.0,0.0,0,(),0.0,0.0
38585,,0.0,0.0,0.0,0,(),0.0,0.0
38590,,0.0,0.0,0.0,0,(),0.0,0.0
38595,,0.0,0.0,0.0,0,(),0.0,0.0
38600,,0.0,0.0,0.0,0,(),0.0,0.0
38605,,0.0,0.0,0.0,0,(),0.0,0.0
38610,,0.0,0.0,0.0,0,(),0.0,0.0
38615,,0.0,0.0,0.0,0,(),0.0,0.0
38620,,0.0,0.0,0.0,0,(),0.0,0.0
38625,,0.0,0.0,0.0,0,(),0.0,0.0
38630,,0.0,0.0,0.0,0,(),0.0,0.0
38635,,0.0,0.0,0.0,0,(),0.0,0.0
38640,,0.0,0.0,0.0,0,(),0.0,0.0
38645,,0.0,0.0,0.0,0,(),0.0,0.0
38650,,0.0,0.0,0.0,0,(),0.0,0.0
38655,,0.0,0.0,0.0,0,(),0.0,0.0
38660,,0.0,0.0,0.0,0,(),0.0,0.0
38665,,0.0,0.0,0.0,0,(),0.0,0.0
38670,,0.0,0.0,0.0,0,(),0.0,0.0
38675,,0.0,0.0,0.0,0,(),0.0,0.0
38680,,0.0,0.0,0.0,0,(),0.0,0.0
38685,,0.0,0.0,0.0,0,(),0.0,0.0
38690,,0.0,0.0,0.0,0,(),0.0,0.0
38695,,0.0,0.0,0.0,0,(),0.0,0.0
38700,,0.0,0.0,0.0,0,(),0.0,0.0
38705,,0.0,0.0,0.0,0,(),0.0,0.0
38710,,0.0,0.0,0.0,0,(),0.0,0.0
38715,,0.0,0.0,0.0,0,(),0.0,0.0
38720,,0.0,0.0,0.0,0,(),0.0,0.0
38725,,0.0,0.0,0.0,0,(),0.0,0.0
38730,,0.0,0.0,0.0,0,(),0.0,0.0
38735,,0.0,0.0,0.0,0,(),0.0,0.0
38740,,0.0,0.0,0.0,0,(),0.0,0.0
38745,,0.0,0.0,0.0,0,(),0.0,0.0
38750,,0.0,0.0,0.0,0,(),0.0,0.0
38755,,0.0,0.0,0.0,0,(),0.0,0.0
38760,,0.0,0.0,0.0,0,(),0.0,0.0
38765,,0.0,0.0,0.0,0,(),0.0,0.0
38770,,0.0,0.0,0.0,0,(),0.0,0.0
38775,,0.0,0.0,0.0,0,(),0.0,0.0
38780,,0.0,0.0,0.0,0,(),0.0,0.0
38785,,0.0,0.0,0.0,0,(),0.0,0.0
38790,,0.0,0.0,0.0,0,(),0.0,0.0
38795,,0.0,0.0,0.0,0,(),0.0,0.0
38800,,0.0,0.0,0.0,0,(),0.0,0.0
38805,,0.0,0.0,0.0,0,(),0.0,0.0
38810,,0.0,0.0,0.0,0,(),0.0,0.0
38815,,0.0,0.0,0.0,0,(),0.0,0.0
38820,,0.0,0.0,0.0,0,(),0.0,0.0
38825,,0.0,0.0,0.0,0,(),0.0,0.0
38830,,0.0,0.0,0.0,0,(),0.0,0.0
38835,,0.0,0.0,0.0,0,(),0.0,0.0
38840,,0.0,0.0,0.0,0,(),0.0,0.0
38845,,0.0,0.0,0.0,0,(),0.0,0.0
38850,,0.0,0.0,0.0,0,(),0.0,0.0
38855,,0.0,0.0,0.0,0,(),0.0,0.0
38860,,0.0,0.0,0.0,0,(),0.0,0.0
38865,,0.0,0.0,0.0,0,(),0.0,0.0
38870,,0.0,0.0,0.0,0,(),0.0,0.0
38875,,0.0,0.0,0.0,0,(),0.0,0.0
38880,,0.0,0.0,0.0,0,(),0.0,0.0
38885,,0.0,0.0,0.0,0,(),0.0,0.0
38890,,0.0,0.0,0.0,0,(),0.0,0.0
38895,,0.0,0.0,0.0,0,(),0.0,0.0
38900,,0.0,0.0,0.0,0,(),0.0,0.0
38905,,0.0,0.0,0.0,0,(),0.0,0.0
38910,,0.0,0.0,0.0,0,(),0.0,0.0
38915,,0.0,0.0,0.0,0,(),0.0,0.0
38920,,0.0,0.0,0.0,0,(),0.0,0.0
38925,,0.0,0.0,0.0,0,(),0.0,0.0
38930,,0.0,0.0,0.0,0,(),0.0,0.0
38935,,0.0,0.0,0.0,0,(),0.0,0.0
38940,,0.0,0.0,0.0,0,(),0.0,0.0
38945,,0.0,0.0,0.0,0,(),0.0,0.0
38950,,0.0,0.0,0.0,0,(),0.0,0.0
38955,,0.0,0.0,0.0,0,(),0.0,0.0
38960,,0.0,0.0,0.0,0,(),0.0,0.0
38965,,0.0,0.0,0.0,0,(),0.0,0.0
38970,,0.0,0.0,0.0,0,(),0.0,0.0
38975,,0.0,0.0,0.0,0,(),0.0,0.0
38980,,0.0,0.0,0.0,0,(),0.0,0.0
38985,,0.0,0.0,0.0,0,(),0.0,0.0
38990,,0.0,0.0,0.0,0,(),0.0,0.0
38995,,0.0,0.0,0.0,0,(),0.0,0.0
39000,,0.0,0.0,0.0,0,(),0.0,0.0
39005,,0.0,0.0,0.0,0,(),0.0,0.0
39010,,0.0,0.0,0.0,0,(),0.0,0.0
39015,,0.0,0.0,0.0,0,(),0.0,0.0
39020,,0.0,0.0,0.0,0,(),0.0,0.0
39025,,0.0,0.0,0.0,0,(),0.0,0.0
39030,,0.0,0.0,0.0,0,(),0.0,0.0
39035,,0.0,0.0,0.0,0,(),0.0,0.0
39040,,0.0,0.0,0.0,0,(),0.0,0.0
39045,,0.0,0.0,0.0,0,(),0.0,0.0
39050,,0.0,0.0,0.0,0,(),0.0,0.0
39055,,0.0,0.0,0.0,0,(),0.0,0.0
39060,,0.0,0.0,0.0,0,(),0.0,0.0
39065,,0.0,0.0,0.0,0,(),0.0,0.0
39070,,0.0,0.0,0.0,0,(),0.0,0.0
39075,,0.0,0.0,0.0,0,(),0.0,0.0
39080,,0.0,0.0,0.0,0,(),0.0,0.0
39085,,0.0,0.0,0.0,0,(),0.0,0.0
39090,,0.0,0.0,0.0,0,(),0.0,0.0
39095,,0.0,0.0,0.0,0,(),0.0,0.0
39100,,0.0,0.0,0.0,0,(),0.0,0.0
39105,,0.0,0.0,0.0,0,(),0.0,0.0
39110,,0.0,0.0,0.0,0,(),0.0,0.0
39115,,0.0,0.0,0.0,0,(),0.0,0.0
39120,,0.0,0.0,0.0,0,(),0.0,0.0
39125,,0.0,0.0,0.0,0,(),0.0,0.0
39130,,0.0,0.0,0.0,0,(),0.0,0.0
39135,,0.0,0.0,0.0,0,(),0.0,0.0
39140,,0.0,0.0,0.0,0,(),0.0,0.0
39145,,0.0,0.0,0.0,0,(),0.0,0.0
39150,,0.0,0.0,0.0,0,(),0.0,0.0
39155,,0.0,0.0,0.0,0,(),0.0,0.0
39160,,0.0,0.0,0.0,0,(),0.0,0.0
39165,,0.0,0.0,0.0,0,(),0.0,0.0
39170,,0.0,0.0,0.0,0,(),0.0,0.0
39175,,0.0,0.0,0.0,0,(),0.0,0.0
39180,,0.0,0.0,0.0,0,(),0.0,0.0
39185,,0.0,0.0,0.0,0,(),0.0,0.0
39190,,0.0,0.0,0.0,0,(),0.0,0.0
39195,,0.0,0.0,0.0,0,(),0.0,0.0
39200,,0.0,0.0,0.0,0,(),0.0,0.0
39205,,0.0,0.0,0.0,0,(),0.0,0.0
39210,,0.0,0.0,0.0,0,(),0.0,0.0
39215,,0.0,0.0,0.0,0,(),0.0,0.0
39220,,0.0,0.0,0.0,0,(),0.0,0.0
39225,,0.0,0.0,0.0,0,(),0.0,0.0
39230,,0.0,0.0,0.0,0,(),0.0,0.0
39235,,0.0,0.0,0.0,0,(),0.0,0.0
39240,,0.0,0.0,0.0,0,(),0.0,0.0
39245,,0.0,0.0,0.0,0,(),0.0,0.0
39250,,0.0,0.0,0.0,0,(),0.0,0.0
39255,,0.0,0.0,0.0,0,(),0.0,0.0
39260,,0.0,0.0,0.0,0,(),0.0,0.0
39265,,0.0,0.0,0.0,0,(),0.0,0.0
39270,,0.0,0.0,0.0,0,(),0.0,0.0
39275,,0.0,0.0,0.0,0,(),0.0,0.0
39280,,0.0,0.0,0.0,0,(),0.0,0.0
39285,,0.0,0.0,0.0,0,(),0.0,0.0
39290,,0.0,0.0,0.0,0,(),0.0,0.0
39295,,0.0,0.0,0.0,0,(),0.0,0.0
39300,,0.0,0.0,0.0,0,(),0.0,0.0
39305,,0.0,0.0,0.0,0,(),0.0,0.0
39310,,0.0,0.0,0.0,0,(),0.0,0.0
39315,,0.0,0.0,0.0,0,(),0.0,0.0
39320,,0.0,0.0,0.0,0,(),0.0,0.0
39325,,0.0,0.0,0.0,0,(),0.0,0.0
39330,,0.0,0.0,0.0,0,(),0.0,0.0
39335,,0.0,0.0,0.0,0,(),0.0,0.0
39340,,0.0,0.0,0.0,0,(),0.0,0.0
39345,,0.0,0.0,0.0,0,(),0.0,0.0
39350,,0.0,0.0,0.0,0,(),0.0,0.0
39355,,0.0,0.0,0.0,0,(),0.0,0.0
39360,,0.0,0.0,0.0,0,(),0.0,0.0
39365,,0.0,0.0,0.0,0,(),0.0,0.0
39370,,0.0,0.0,0.0,0,(),0.0,0.0
39375,,0.0,0.0,0.0,0,(),0.0,0.0
39380,,0.0,0.0,0.0,0,(),0.0,0.0
39385,,0.0,0.0,0.0,0,(),0.0,0.0
39390,,0.0,0.0,0.0,0,(),0.0,0.0
39395,,0.0,0.0,0.0,0,(),0.0,0.0
39400,,0.0,0.0,0.0,0,(),0.0,0.0
39405,,0.0,0.0,0.0,0,(),0.0,0.0
39410,,0.0,0.0,0.0,0,(),0.0,0.0
39415,,0.0,0.0,0.0,0,(),0.0,0.0
39420,,0.0,0.0,0.0,0,(),0.0,0.0
39425,,0.0,0.0,0.0,0,(),0.0,0.0
39430,,0.0,0.0,0.0,0,(),0.0,0.0
39435,,0.0,0.0,0.0,0,(),0.0,0.0
39440,,0.0,0.0,0.0,0,(),0.0,0.0
39445,,0.0,0.0,0.0,0,(),0.0,0.0
39450,,0.0,0.0,0.0,0,(),0.0,0.0
39455,,0.0,0.0,0.0,0,(),0.0,0.0
39460,,0.0,0.0,0.0,0,(),0.0,0.0
39465,,0.0,0.0,0.0,0,(),0.0,0.0
39470,,0.0,0.0,0.0,0,(),0.0,0.0
39475,,0.0,0.0,0.0,0,(),0.0,0.0
39480,,0.0,0.0,0.0,0,(),0.0,0.0
39485,,0.0,0.0,0.0,0,(),0.0,0.0
39490,,0.0,0.0,0.0,0,(),0.0,0.0
39495,,0.0,0.0,0.0,0,(),0.0,0.0
39500,,0.0,0.0,0.0,0,(),0.0,0.0
39505,,0.0,0.0,0.0,0,(),0.0,0.0
39510,,0.0,0.0,0.0,0,(),0.0,0.0
39515,,0.0,0.0,0.0,0,(),0.0,0.0
39520,,0.0,0.0,0.0,0,(),0.0,0.0
39525,,0.0,0.0,0.0,0,(),0.0,0.0
39530,,0.0,0.0,0.0,0,(),0.0,0.0
39535,,0.0,0.0,0.0,0,(),0.0,0.0
39540,,0.0,0.0,0.0,0,(),0.0,0.0
39545,,0.0,0.0,0.0,0,(),0.0,0.0
39550,,0.0,0.0,0.0,0,(),0.0,0.0
39555,,0.0,0.0,0.0,0,(),0.0,0.0
39560,,0.0,0.0,0.0,0,(),0.0,0.0
39565,,0.0,0.0,0.0,0,(),0.0,0.0
39570,,0.0,0.0,0.0,0,(),0.0,0.0
39575,,0.0,0.0,0.0,0,(),0.0,0.0
39580,,0.0,0.0,0.0,0,(),0.0,0.0
39585,,0.0,0.0,0.0,0,(),0.0,0.0
39590,,0.0,0.0,0.0,0,(),0.0,0.0
39595,,0.0,0.0,0.0,0,(),0.0,0.0
39600,,0.0,0.0,0.0,0,(),0.0,0.0
39605,,0.0,0.0,0.0,0,(),0.0,0.0
39610,,0.0,0.0,0.0,0,(),0.0,0.0
39615,,0.0,0.0,0.0,0,(),0.0,0.0
39620,,0.0,0.0,0.0,0,(),0.0,0.0
39625,,0.0,0.0,0.0,0,(),0.0,0.0
39630,,0.0,0.0,0.0,0,(),0.0,0.0
39635,,0.0,0.0,0.0,0,(),0.0,0.0
39640,,0.0,0.0,0.0,0,(),0.0,0.0
39645,,0.0,0.0,0.0,0,(),0.0,0.0
39650,,0.0,0.0,0.0,0,(),0.0,0.0
39655,,0.0,0.0,0.0,0,(),0.0,0.0
39660,,0.0,0.0,0.0,0,(),0.0,0.0
39665,,0.0,0.0,0.0,0,(),0.0,0.0
39670,,0.0,0.0,0.0,0,(),0.0,0.0
39675,,0.0,0.0,0.0,0,(),0.0,0.0
39680,,0.0,0.0,0.0,0,(),0.0,0.0
39685,,0.0,0.0,0.0,0,(),0.0,0.0
39690,,0.0,0.0,0.0,0,(),0.0,0.0
39695,,0.0,0.0,0.0,0,(),0.0,0.0
39700,,0.0,0.0,0.0,0,(),0.0,0.0
39705,,0.0,0.0,0.0,0,(),0.0,0.0
39710,,0.0,0.0,0.0,0,(),0.0,0.0
39715,,0.0,0.0,0.0,0,(),0.0,0.0
39720,,0.0,0.0,0.0,0,(),0.0,0.0
39725,,0.0,0.0,0.0,0,(),0.0,0.0
39730,,0.0,0.0,0.0,0,(),0.0,0.0
39735,,0.0,0.0,0.0,0,(),0.0,0.0
39740,,0.0,0.0,0.0,0,(),0.0,0.0
39745,,0.0,0.0,0.0,0,(),0.0,0.0
39750,,0.0,0.0,0.0,0,(),0.0,0.0
39755,,0.0,0.0,0.0,0,(),0.0,0.0
39760,,0.0,0.0,0.0,0,(),0.0,0.0
39765,,0.0,0.0,0.0,0,(),0.0,0.0
39770,,0.0,0.0,0.0,0,(),0.0,0.0
39775,,0.0,0.0,0.0,0,(),0.0,0.0
39780,,0.0,0.0,0.0,0,(),0.0,0.0
39785,,0.0,0.0,0.0,0,(),0.0,0.0
39790,,0.0,0.0,0.0,0,(),0.0,0.0
39795,,0.0,0.0,0.0,0,(),0.0,0.0
39800,,0.0,0.0,0.0,0,(),0.0,0.0
39805,,0.0,0.0,0.0,0,(),0.0,0.0
39810,,0.0,0.0,0.0,0,(),0.0,0.0
39815,,0.0,0.0,0.0,0,(),0.0,0.0
39820,,0.0,0.0,0.0,0,(),0.0,0.0
39825,,0.0,0.0,0.0,0,(),0.0,0.0
39830,,0.0,0.0,0.0,0,(),0.0,0.0
39835,,0.0,0.0,0.0,0,(),0.0,0.0
39840,,0.0,0.0,0.0,0,(),0.0,0.0
39845,,0.0,0.0,0.0,0,(),0.0,0.0
39850,,0.0,0.0,0.0,0,(),0.0,0.0
39855,,0.0,0.0,0.0,0,(),0.0,0.0
39860,,0.0,0.0,0.0,0,(),0.0,0.0
39865,,0.0,0.0,0.0,0,(),0.0,0.0
39870,,0.0,0.0,0.0,0,(),0.0,0.0
39875,,0.0,0.0,0.0,0,(),0.0,0.0
39880,,0.0,0.0,0.0,0,(),0.0,0.0
39885,,0.0,0.0,0.0,0,(),0.0,0.0
39890,,0.0,0.0,0.0,0,(),0.0,0.0
39895,,0.0,0.0,0.0,0,(),0.0,0.0
39900,,0.0,0.0,0.0,0,(),0.0,0.0
39905,,0.0,0.0,0.0,0,(),0.0,0.0
39910,,0.0,0.0,0.0,0,(),0.0,0.0
39915,,0.0,0.0,0.0,0,(),0.0,0.0
39920,,0.0,0.0,0.0,0,(),0.0,0.0
39925,,0.0,0.0,0.0,0,(),0.0,0.0
39930,,0.0,0.0,0.0,0,(),0.0,0.0
39935,,0.0,0.0,0.0,0,(),0.0,0.0
39940,,0.0,0.0,0.0,0,(),0.0,0.0
39945,,0.0,0.0,0.0,0,(),0.0,0.0
39950,,0.0,0.0,0.0,0,(),0.0,0.0
39955,,0.0,0.0,0.0,0,(),0.0,0.0
39960,,0.0,0.0,0.0,0,(),0.0,0.0
39965,,0.0,0.0,0.0,0,(),0.0,0.0
39970,,0.0,0.0,0.0,0,(),0.0,0.0
39975,,0.0,0.0,0.0,0,(),0.0,0.0
39980,,0.0,0.0,0.0,0,(),0.0,0.0
39985,,0.0,0.0,0.0,0,(),0.0,0.0
39990,,0.0,0.0,0.0,0,(),0.0,0.0
39995,,0.0,0.0,0.0,0,(),0.0,0.0
40000,,0.0,0.0,0.0,0,(),0.0,0.0
40005,,0.0,0.0,0.0,0,(),0.0,0.0
40010,,0.0,0.0,0.0,0,(),0.0,0.0
40015,,0.0,0.0,0.0,0,(),0.0,0.0
40020,,0.0,0.0,0.0,0,(),0.0,0.0
40025,,0.0,0.0,0.0,0,(),0.0,0.0
40030,,0.0,0.0,0.0,0,(),0.0,0.0
40035,,0.0,0.0,0.0,0,(),0.0,0.0
40040,,0.0,0.0,0.0,0,(),0.0,0.0
40045,,0.0,0.0,0.0,0,(),0.0,0.0
40050,,0.0,0.0,0.0,0,(),0.0,0.0
40055,,0.0,0.0,0.0,0,(),0.0,0.0
40060,,0.0,0.0,0.0,0,(),0.0,0.0
40065,,0.0,0.0,0.0,0,(),0.0,0.0
40070,,0.0,0.0,0.0,0,(),0.0,0.0
40075,,0.0,0.0,0.0,0,(),0.0,0.0
40080,,0.0,0.0,0.0,0,(),0.0,0.0
40085,,0.0,0.0,0.0,0,(),0.0,0.0
40090,,0.0,0.0,0.0,0,(),0.0,0.0
40095,,0.0,0.0,0.0,0,(),0.0,0.0
40100,,0.0,0.0,0.0,0,(),0.0,0.0
40105,,0.0,0.0,0.0,0,(),0.0,0.0
40110,,0.0,0.0,0.0,0,(),0.0,0.0
40115,,0.0,0.0,0.0,0,(),0.0,0.0
40120,,0.0,0.0,0.0,0,(),0.0,0.0
40125,,0.0,0.0,0.0,0,(),0.0,0.0
40130,,0.0,0.0,0.0,0,(),0.0,0.0
40135,,0.0,0.0,0.0,0,(),0.0,0.0
40140,,0.0,0.0,0.0,0,(),0.0,0.0
40145,,0.0,0.0,0.0,0,(),0.0,0.0
40150,,0.0,0.0,0.0,0,(),0.0,0.0
40155,,0.0,0.0,0.0,0,(),0.0,0.0
40160,,0.0,0.0,0.0,0,(),0.0,0.0
40165,,0.0,0.0,0.0,0,(),0.0,0.0
40170,,0.0,0.0,0.0,0,(),0.0,0.0
40175,,0.0,0.0,0.0,0,(),0.0,0.0
40180,,0.0,0.0,0.0,0,(),0.0,0.0
40185,,0.0,0.0,0.0,0,(),0.0,0.0
40190,,0.0,0.0,0.0,0,(),0.0,0.0
40195,,0.0,0.0,0.0,0,(),0.0,0.0
40200,,0.0,0.0,0.0,0,(),0.0,0.0
40205,,0.0,0.0,0.0,0,(),0.0,0.0
40210,,0.0,0.0,0.0,0,(),0.0,0.0
40215,,0.0,0.0,0.0,0,(),0.0,0.0
40220,,0.0,0.0,0.0,0,(),0.0,0.0
40225,,0.0,0.0,0.0,0,(),0.0,0.0
40230,,0.0,0.0,0.0,0,(),0.0,0.0
40235,,0.0,0.0,0.0,0,(),0.0,0.0
40240,,0.0,0.0,0.0,0,(),0.0,0.0
40245,,0.0,0.0,0.0,0,(),0.0,0.0
40250,,0.0,0.0,0.0,0,(),0.0,0.0
40255,,0.0,0.0,0.0,0,(),0.0,0.0
40260,,0.0,0.0,0.0,0,(),0.0,0.0
40265,,0.0,0.0,0.0,0,(),0.0,0.0
40270,,0.0,0.0,0.0,0,(),0.0,0.0
40275,,0.0,0.0,0.0,0,(),0.0,0.0
40280,,0.0,0.0,0.0,0,(),0.0,0.0
40285,,0.0,0.0,0.0,0,(),0.0,0.0
40290,,0.0,0.0,0.0,0,(),0.0,0.0
40295,,0.0,0.0,0.0,0,(),0.0,0.0
40300,,0.0,0.0,0.0,0,(),0.0,0.0
40305,,0.0,0.0,0.0,0,(),0.0,0.0
40310,,0.0,0.0,0.0,0,(),0.0,0.0
40315,,0.0,0.0,0.0,0,(),0.0,0.0
40320,,0.0,0.0,0.0,0,(),0.0,0.0
40325,,0.0,0.0,0.0,0,(),0.0,0.0
40330,,0.0,0.0,0.0,0,(),0.0,0.0
40335,,0.0,0.0,0.0,0,(),0.0,0.0
40340,,0.0,0.0,0.0,0,(),0.0,0.0
40345,,0.0,0.0,0.0,0,(),0.0,0.0
40350,,0.0,0.0,0.0,0,(),0.0,0.0
40355,,0.0,0.0,0.0,0,(),0.0,0.0
40360,,0.0,0.0,0.0,0,(),0.0,0.0
40365,,0.0,0.0,0.0,0,(),0.0,0.0
40370,,0.0,0.0,0.0,0,(),0.0,0.0
40375,,0.0,0.0,0.0,0,(),0.0,0.0
40380,,0.0,0.0,0.0,0,(),0.0,0.0
40385,,0.0,0.0,0.0,0,(),0.0,0.0
40390,,0.0,0.0,0.0,0,(),0.0,0.0
40395,,0.0,0.0,0.0,0,(),0.0,0.0
40400,,0.0,0.0,0.0,0,(),0.0,0.0
40405,,0.0,0.0,0.0,0,(),0.0,0.0
40410,,0.0,0.0,0.0,0,(),0.0,0.0
40415,,0.0,0.0,0.0,0,(),0.0,0.0
40420,,0.0,0.0,0.0,0,(),0.0,0.0
40425,,0.0,0.0,0.0,0,(),0.0,0.0
40430,,0.0,0.0,0.0,0,(),0.0,0.0
40435,,0.0,0.0,0.0,0,(),0.0,0.0
40440,,0.0,0.0,0.0,0,(),0.0,0.0
40445,,0.0,0.0,0.0,0,(),0.0,0.0
40450,,0.0,0.0,0.0,0,(),0.0,0.0
40455,,0.0,0.0,0.0,0,(),0.0,0.0
40460,,0.0,0.0,0.0,0,(),0.0,0.0
40465,,0.0,0.0,0.0,0,(),0.0,0.0
40470,,0.0,0.0,0.0,0,(),0.0,0.0
40475,,0.0,0.0,0.0,0,(),0.0,0.0
40480,,0.0,0.0,0.0,0,(),0.0,0.0
40485,,0.0,0.0,0.0,0,(),0.0,0.0
40490,,0.0,0.0,0.0,0,(),0.0,0.0
40495,,0.0,0.0,0.0,0,(),0.0,0.0
40500,,0.0,0.0,0.0,0,(),0.0,0.0
40505,,0.0,0.0,0.0,0,(),0.0,0.0
40510,,0.0,0.0,0.0,0,(),0.0,0.0
40515,,0.0,0.0,0.0,0,(),0.0,0.0
40520,,0.0,0.0,0.0,0,(),0.0,0.0
40525,,0.0,0.0,0.0,0,(),0.0,0.0
40530,,0.0,0.0,0.0,0,(),0.0,0.0
40535,,0.0,0.0,0.0,0,(),0.0,0.0
40540,,0.0,0.0,0.0,0,(),0.0,0.0
40545,,0.0,0.0,0.0,0,(),0.0,0.0
40550,,0.0,0.0,0.0,0,(),0.0,0.0
40555,,0.0,0.0,0.0,0,(),0.0,0.0
40560,,0.0,0.0,0.0,0,(),0.0,0.0
40565,,0.0,0.0,0.0,0,(),0.0,0.0
40570,,0.0,0.0,0.0,0,(),0.0,0.0
40575,,0.0,0.0,0.0,0,(),0.0,0.0
40580,,0.0,0.0,0.0,0,(),0.0,0.0
40585,,0.0,0.0,0.0,0,(),0.0,0.0
40590,,0.0,0.0,0.0,0,(),0.0,0.0
40595,,0.0,0.0,0.0,0,(),0.0,0.0
40600,,0.0,0.0,0.0,0,(),0.0,0.0
40605,,0.0,0.0,0.0,0,(),0.0,0.0
40610,,0.0,0.0,0.0,0,(),0.0,0.0
40615,,0.0,0.0,0.0,0,(),0.0,0.0
40620,,0.0,0.0,0.0,0,(),0.0,0.0
40625,,0.0,0.0,0.0,0,(),0.0,0.0
40630,,0.0,0.0,0.0,0,(),0.0,0.0
40635,,0.0,0.0,0.0,0,(),0.0,0.0
40640,,0.0,0.0,0.0,0,(),0.0,0.0
40645,,0.0,0.0,0.0,0,(),0.0,0.0
40650,,0.0,0.0,0.0,0,(),0.0,0.0
40655,,0.0,0.0,0.0,0,(),0.0,0.0
40660,,0.0,0.0,0.0,0,(),0.0,0.0
40665,,0.0,0.0,0.0,0,(),0.0,0.0
40670,,0.0,0.0,0.0,0,(),0.0,0.0
40675,,0.0,0.0,0.0,0,(),0.0,0.0
40680,,0.0,0.0,0.0,0,(),0.0,0.0
40685,,0.0,0.0,0.0,0,(),0.0,0.0
40690,,0.0,0.0,0.0,0,(),0.0,0.0
40695,,0.0,0.0,0.0,0,(),0.0,0.0
40700,,0.0,0.0,0.0,0,(),0.0,0.0
40705,,0.0,0.0,0.0,0,(),0.0,0.0
40710,,0.0,0.0,0.0,0,(),0.0,0.0
40715,,0.0,0.0,0.0,0,(),0.0,0.0
40720,,0.0,0.0,0.0,0,(),0.0,0.0
40725,,0.0,0.0,0.0,0,(),0.0,0.0
40730,,0.0,0.0,0.0,0,(),0.0,0.0
40735,,0.0,0.0,0.0,0,(),0.0,0.0
40740,,0.0,0.0,0.0,0,(),0.0,0.0
40745,,0.0,0.0,0.0,0,(),0.0,0.0
40750,,0.0,0.0,0.0,0,(),0.0,0.0
40755,,0.0,0.0,0.0,0,(),0.0,0.0
40760,,0.0,0.0,0.0,0,(),0.0,0.0
40765,,0.0,0.0,0.0,0,(),0.0,0.0
40770,,0.0,0.0,0.0,0,(),0.0,0.0
40775,,0.0,0.0,0.0,0,(),0.0,0.0
40780,,0.0,0.0,0.0,0,(),0.0,0.0
40785,,0.0,0.0,0.0,0,(),0.0,0.0
40790,,0.0,0.0,0.0,0,(),0.0,0.0
40795,,0.0,0.0,0.0,0,(),0.0,0.0
40800,,0.0,0.0,0.0,0,(),0.0,0.0
40805,,0.0,0.0,0.0,0,(),0.0,0.0
40810,,0.0,0.0,0.0,0,(),0.0,0.0
40815,,0.0,0.0,0.0,0,(),0.0,0.0
40820,,0.0,0.0,0.0,0,(),0.0,0.0
40825,,0.0,0.0,0.0,0,(),0.0,0.0
40830,,0.0,0.0,0.0,0,(),0.0,0.0
40835,,0.0,0.0,0.0,0,(),0.0,0.0
40840,,0.0,0.0,0.0,0,(),0.0,0.0
40845,,0.0,0.0,0.0,0,(),0.0,0.0
40850,,0.0,0.0,0.0,0,(),0.0,0.0
40855,,0.0,0.0,0.0,0,(),0.0,0.0
40860,,0.0,0.0,0.0,0,(),0.0,0.0
40865,,0.0,0.0,0.0,0,(),0.0,0.0
40870,,0.0,0.0,0.0,0,(),0.0,0.0
40875,,0.0,0.0,0.0,0,(),0.0,0.0
40880,,0.0,0.0,0.0,0,(),0.0,0.0
40885,,0.0,0.0,0.0,0,(),0.0,0.0
40890,,0.0,0.0,0.0,0,(),0.0,0.0
40895,,0.0,0.0,0.0,0,(),0.0,0.0
40900,,0.0,0.0,0.0,0,(),0.0,0.0
40905,,0.0,0.0,0.0,0,(),0.0,0.0
40910,,0.0,0.0,0.0,0,(),0.0,0.0
40915,,0.0,0.0,0.0,0,(),0.0,0.0
40920,,0.0,0.0,0.0,0,(),0.0,0.0
40925,,0.0,0.0,0.0,0,(),0.0,0.0
40930,,0.0,0.0,0.0,0,(),0.0,0.0
40935,,0.0,0.0,0.0,0,(),0.0,0.0
40940,,0.0,0.0,0.0,0,(),0.0,0.0
40945,,0.0,0.0,0.0,0,(),0.0,0.0
40950,,0.0,0.0,0.0,0,(),0.0,0.0
40955,,0.0,0.0,0.0,0,(),0.0,0.0
40960,,0.0,0.0,0.0,0,(),0.0,0.0
40965,,0.0,0.0,0.0,0,(),0.0,0.0
40970,,0.0,0.0,0.0,0,(),0.0,0.0
40975,,0.0,0.0,0.0,0,(),0.0,0.0
40980,,0.0,0.0,0.0,0,(),0.0,0.0
40985,,0.0,0.0,0.0,0,(),0.0,0.0
40990,,0.0,0.0,0.0,0,(),0.0,0.0
40995,,0.0,0.0,0.0,0,(),0.0,0.0
41000,,0.0,0.0,0.0,0,(),0.0,0.0
41005,,0.0,0.0,0.0,0,(),0.0,0.0
41010,,0.0,0.0,0.0,0,(),0.0,0.0
41015,,0.0,0.0,0.0,0,(),0.0,0.0
41020,,0.0,0.0,0.0,0,(),0.0,0.0
41025,,0.0,0.0,0.0,0,(),0.0,0.0
41030,,0.0,0.0,0.0,0,(),0.0,0.0
41035,,0.0,0.0,0.0,0,(),0.0,0.0
41040,,0.0,0.0,0.0,0,(),0.0,0.0
41045,,0.0,0.0,0.0,0,(),0.0,0.0
41050,,0.0,0.0,0.0,0,(),0.0,0.0
41055,,0.0,0.0,0.0,0,(),0.0,0.0
41060,,0.0,0.0,0.0,0,(),0.0,0.0
41065,,0.0,0.0,0.0,0,(),0.0,0.0
41070,,0.0,0.0,0.0,0,(),0.0,0.0
41075,,0.0,0.0,0.0,0,(),0.0,0.0
41080,,0.0,0.0,0.0,0,(),0.0,0.0
41085,,0.0,0.0,0.0,0,(),0.0,0.0
41090,,0.0,0.0,0.0,0,(),0.0,0.0
41095,,0.0,0.0,0.0,0,(),0.0,0.0
41100,,0.0,0.0,0.0,0,(),0.0,0.0
41105,,0.0,0.0,0.0,0,(),0.0,0.0
41110,,0.0,0.0,0.0,0,(),0.0,0.0
41115,,0.0,0.0,0.0,0,(),0.0,0.0
41120,,0.0,0.0,0.0,0,(),0.0,0.0
41125,,0.0,0.0,0.0,0,(),0.0,0.0
41130,,0.0,0.0,0.0,0,(),0.0,0.0
41135,,0.0,0.0,0.0,0,(),0.0,0.0
41140,,0.0,0.0,0.0,0,(),0.0,0.0
41145,,0.0,0.0,0.0,0,(),0.0,0.0
41150,,0.0,0.0,0.0,0,(),0.0,0.0
41155,,0.0,0.0,0.0,0,(),0.0,0.0
41160,,0.0,0.0,0.0,0,(),0.0,0.0
41165,,0.0,0.0,0.0,0,(),0.0,0.0
41170,,0.0,0.0,0.0,0,(),0.0,0.0
41175,,0.0,0.0,0.0,0,(),0.0,0.0
41180,,0.0,0.0,0.0,0,(),0.0,0.0
41185,,0.0,0.0,0.0,0,(),0.0,0.0
41190,,0.0,0.0,0.0,0,(),0.0,0.0
41195,,0.0,0.0,0.0,0,(),0.0,0.0
41200,,0.0,0.0,0.0,0,(),0.0,0.0
41205,,0.0,0.0,0.0,0,(),0.0,0.0
41210,,0.0,0.0,0.0,0,(),0.0,0.0
41215,,0.0,0.0,0.0,0,(),0.0,0.0
41220,,0.0,0.0,0.0,0,(),0.0,0.0
41225,,0.0,0.0,0.0,0,(),0.0,0.0
41230,,0.0,0.0,0.0,0,(),0.0,0.0
41235,,0.0,0.0,0.0,0,(),0.0,0.0
41240,,0.0,0.0,0.0,0,(),0.0,0.0
41245,,0.0,0.0,0.0,0,(),0.0,0.0
41250,,0.0,0.0,0.0,0,(),0.0,0.0
41255,,0.0,0.0,0.0,0,(),0.0,0.0
41260,,0.0,0.0,0.0,0,(),0.0,0.0
41265,,0.0,0.0,0.0,0,(),0.0,0.0
41270,,0.0,0.0,0.0,0,(),0.0,0.0
41275,,0.0,0.0,0.0,0,(),0.0,0.0
41280,,0.0,0.0,0.0,0,(),0.0,0.0
41285,,0.0,0.0,0.0,0,(),0.0,0.0
41290,,0.0,0.0,0.0,0,(),0.0,0.0
41295,,0.0,0.0,0.0,0,(),0.0,0.0
41300,,0.0,0.0,0.0,0,(),0.0,0.0
41305,,0.0,0.0,0.0,0,(),0.0,0.0
41310,,0.0,0.0,0.0,0,(),0.0,0.0
41315,,0.0,0.0,0.0,0,(),0.0,0.0
41320,,0.0,0.0,0.0,0,(),0.0,0.0
41325,,0.0,0.0,0.0,0,(),0.0,0.0
41330,,0.0,0.0,0.0,0,(),0.0,0.0
41335,,0.0,0.0,0.0,0,(),0.0,0.0
41340,,0.0,0.0,0.0,0,(),0.0,0.0
41345,,0.0,0.0,0.0,0,(),0.0,0.0
41350,,0.0,0.0,0.0,0,(),0.0,0.0
41355,,0.0,0.0,0.0,0,(),0.0,0.0
41360,,0.0,0.0,0.0,0,(),0.0,0.0
41365,,0.0,0.0,0.0,0,(),0.0,0.0
41370,,0.0,0.0,0.0,0,(),0.0,0.0
41375,,0.0,0.0,0.0,0,(),0.0,0.0
41380,,0.0,0.0,0.0,0,(),0.0,0.0
41385,,0.0,0.0,0.0,0,(),0.0,0.0
41390,,0.0,0.0,0.0,0,(),0.0,0.0
41395,,0.0,0.0,0.0,0,(),0.0,0.0
41400,,0.0,0.0,0.0,0,(),0.0,0.0
41405,,0.0,0.0,0.0,0,(),0.0,0.0
41410,,0.0,0.0,0.0,0,(),0.0,0.0
41415,,0.0,0.0,0.0,0,(),0.0,0.0
41420,,0.0,0.0,0.0,0,(),0.0,0.0
41425,,0.0,0.0,0.0,0,(),0.0,0.0
41430,,0.0,0.0,0.0,0,(),0.0,0.0
41435,,0.0,0.0,0.0,0,(),0.0,0.0
41440,,0.0,0.0,0.0,0,(),0.0,0.0
41445,,0.0,0.0,0.0,0,(),0.0,0.0
41450,,0.0,0.0,0.0,0,(),0.0,0.0
41455,,0.0,0.0,0.0,0,(),0.0,0.0
41460,,0.0,0.0,0.0,0,(),0.0,0.0
41465,,0.0,0.0,0.0,0,(),0.0,0.0
41470,,0.0,0.0,0.0,0,(),0.0,0.0
41475,,0.0,0.0,0.0,0,(),0.0,0.0
41480,,0.0,0.0,0.0,0,(),0.0,0.0
41485,,0.0,0.0,0.0,0,(),0.0,0.0
41490,,0.0,0.0,0.0,0,(),0.0,0.0
41495,,0.0,0.0,0.0,0,(),0.0,0.0
41500,,0.0,0.0,0.0,0,(),0.0,0.0
41505,,0.0,0.0,0.0,0,(),0.0,0.0
41510,,0.0,0.0,0.0,0,(),0.0,0.0
41515,,0.0,0.0,0.0,0,(),0.0,0.0
41520,,0.0,0.0,0.0,0,(),0.0,0.0
41525,,0.0,0.0,0.0,0,(),0.0,0.0
41530,,0.0,0.0,0.0,0,(),0.0,0.0
41535,,0.0,0.0,0.0,0,(),0.0,0.0
41540,,0.0,0.0,0.0,0,(),0.0,0.0
41545,,0.0,0.0,0.0,0,(),0.0,0.0
41550,,0.0,0.0,0.0,0,(),0.0,0.0
41555,,0.0,0.0,0.0,0,(),0.0,0.0
41560,,0.0,0.0,0.0,0,(),0.0,0.0
41565,,0.0,0.0,0.0,0,(),0.0,0.0
41570,,0.0,0.0,0.0,0,(),0.0,0.0
41575,,0.0,0.0,0.0,0,(),0.0,0.0
41580,,0.0,0.0,0.0,0,(),0.0,0.0
41585,,0.0,0.0,0.0,0,(),0.0,0.0
41590,,0.0,0.0,0.0,0,(),0.0,0.0
41595,,0.0,0.0,0.0,0,(),0.0,0.0
41600,,0.0,0.0,0.0,0,(),0.0,0.0
41605,,0.0,0.0,0.0,0,(),0.0,0.0
41610,,0.0,0.0,0.0,0,(),0.0,0.0
41615,,0.0,0.0,0.0,0,(),0.0,0.0
41620,,0.0,0.0,0.0,0,(),0.0,0.0
41625,,0.0,0.0,0.0,0,(),0.0,0.0
41630,,0.0,0.0,0.0,0,(),0.0,0.0
41635,,0.0,0.0,0.0,0,(),0.0,0.0
41640,,0.0,0.0,0.0,0,(),0.0,0.0
41645,,0.0,0.0,0.0,0,(),0.0,0.0
41650,,0.0,0.0,0.0,0,(),0.0,0.0
41655,,0.0,0.0,0.0,0,(),0.0,0.0
41660,,0.0,0.0,0.0,0,(),0.0,0.0
41665,,0.0,0.0,0.0,0,(),0.0,0.0
41670,,0.0,0.0,0.0,0,(),0.0,0.0
41675,,0.0,0.0,0.0,0,(),0.0,0.0
41680,,0.0,0.0,0.0,0,(),0.0,0.0
41685,,0.0,0.0,0.0,0,(),0.0,0.0
41690,,0.0,0.0,0.0,0,(),0.0,0.0
41695,,0.0,0.0,0.0,0,(),0.0,0.0
41700,,0.0,0.0,0.0,0,(),0.0,0.0
41705,,0.0,0.0,0.0,0,(),0.0,0.0
41710,,0.0,0.0,0.0,0,(),0.0,0.0
41715,,0.0,0.0,0.0,0,(),0.0,0.0
41720,,0.0,0.0,0.0,0,(),0.0,0.0
41725,,0.0,0.0,0.0,0,(),0.0,0.0
41730,,0.0,0.0,0.0,0,(),0.0,0.0
41735,,0.0,0.0,0.0,0,(),0.0,0.0
41740,,0.0,0.0,0.0,0,(),0.0,0.0
41745,,0.0,0.0,0.0,0,(),0.0,0.0
41750,,0.0,0.0,0.0,0,(),0.0,0.0
41755,,0.0,0.0,0.0,0,(),0.0,0.0
41760,,0.0,0.0,0.0,0,(),0.0,0.0
41765,,0.0,0.0,0.0,0,(),0.0,0.0
41770,,0.0,0.0,0.0,0,(),0.0,0.0
41775,,0.0,0.0,0.0,0,(),0.0,0.0
41780,,0.0,0.0,0.0,0,(),0.0,0.0
41785,,0.0,0.0,0.0,0,(),0.0,0.0
41790,,0.0,0.0,0.0,0,(),0.0,0.0
41795,,0.0,0.0,0.0,0,(),0.0,0.0
41800,,0.0,0.0,0.0,0,(),0.0,0.0
41805,,0.0,0.0,0.0,0,(),0.0,0.0
41810,,0.0,0.0,0.0,0,(),0.0,0.0
41815,,0.0,0.0,0.0,0,(),0.0,0.0
41820,,0.0,0.0,0.0,0,(),0.0,0.0
41825,,0.0,0.0,0.0,0,(),0.0,0.0
41830,,0.0,0.0,0.0,0,(),0.0,0.0
41835,,0.0,0.0,0.0,0,(),0.0,0.0
41840,,0.0,0.0,0.0,0,(),0.0,0.0
41845,,0.0,0.0,0.0,0,(),0.0,0.0
41850,,0.0,0.0,0.0,0,(),0.0,0.0
41855,,0.0,0.0,0.0,0,(),0.0,0.0
41860,,0.0,0.0,0.0,0,(),0.0,0.0
41865,,0.0,0.0,0.0,0,(),0.0,0.0
41870,,0.0,0.0,0.0,0,(),0.0,0.0
41875,,0.0,0.0,0.0,0,(),0.0,0.0
41880,,0.0,0.0,0.0,0,(),0.0,0.0
41885,,0.0,0.0,0.0,0,(),0.0,0.0
41890,,0.0,0.0,0.0,0,(),0.0,0.0
41895,,0.0,0.0,0.0,0,(),0.0,0.0
41900,,0.0,0.0,0.0,0,(),0.0,0.0
41905,,0.0,0.0,0.0,0,(),0.0,0.0
41910,,0.0,0.0,0.0,0,(),0.0,0.0
41915,,0.0,0.0,0.0,0,(),0.0,0.0
41920,,0.0,0.0,0.0,0,(),0.0,0.0
41925,,0.0,0.0,0.0,0,(),0.0,0.0
41930,,0.0,0.0,0.0,0,(),0.0,0.0
41935,,0.0,0.0,0.0,0,(),0.0,0.0
41940,,0.0,0.0,0.0,0,(),0.0,0.0
41945,,0.0,0.0,0.0,0,(),0.0,0.0
41950,,0.0,0.0,0.0,0,(),0.0,0.0
41955,,0.0,0.0,0.0,0,(),0.0,0.0
41960,,0.0,0.0,0.0,0,(),0.0,0.0
41965,,0.0,0.0,0.0,0,(),0.0,0.0
41970,,0.0,0.0,0.0,0,(),0.0,0.0
41975,,0.0,0.0,0.0,0,(),0.0,0.0
41980,,0.0,0.0,0.0,0,(),0.0,0.0
41985,,0.0,0.0,0.0,0,(),0.0,0.0
41990,,0.0,0.0,0.0,0,(),0.0,0.0
41995,,0.0,0.0,0.0,0,(),0.0,0.0
42000,,0.0,0.0,0.0,0,(),0.0,0.0
42005,,0.0,0.0,0.0,0,(),0.0,0.0
42010,,0.0,0.0,0.0,0,(),0.0,0.0
42015,,0.0,0.0,0.0,0,(),0.0,0.0
42020,,0.0,0.0,0.0,0,(),0.0,0.0
42025,,0.0,0.0,0.0,0,(),0.0,0.0
42030,,0.0,0.0,0.0,0,(),0.0,0.0
42035,,0.0,0.0,0.0,0,(),0.0,0.0
42040,,0.0,0.0,0.0,0,(),0.0,0.0
42045,,0.0,0.0,0.0,0,(),0.0,0.0
42050,,0.0,0.0,0.0,0,(),0.0,0.0
42055,,0.0,0.0,0.0,0,(),0.0,0.0
42060,,0.0,0.0,0.0,0,(),0.0,0.0
42065,,0.0,0.0,0.0,0,(),0.0,0.0
42070,,0.0,0.0,0.0,0,(),0.0,0.0
42075,,0.0,0.0,0.0,0,(),0.0,0.0
42080,,0.0,0.0,0.0,0,(),0.0,0.0
42085,,0.0,0.0,0.0,0,(),0.0,0.0
42090,,0.0,0.0,0.0,0,(),0.0,0.0
42095,,0.0,0.0,0.0,0,(),0.0,0.0
42100,,0.0,0.0,0.0,0,(),0.0,0.0
42105,,0.0,0.0,0.0,0,(),0.0,0.0
42110,,0.0,0.0,0.0,0,(),0.0,0.0
42115,,0.0,0.0,0.0,0,(),0.0,0.0
42120,,0.0,0.0,0.0,0,(),0.0,0.0
42125,,0.0,0.0,0.0,0,(),0.0,0.0
42130,,0.0,0.0,0.0,0,(),0.0,0.0
42135,,0.0,0.0,0.0,0,(),0.0,0.0
42140,,0.0,0.0,0.0,0,(),0.0,0.0
42145,,0.0,0.0,0.0,0,(),0.0,0.0
42150,,0.0,0.0,0.0,0,(),0.0,0.0
42155,,0.0,0.0,0.0,0,(),0.0,0.0
42160,,0.0,0.0,0.0,0,(),0.0,0.0
42165,,0.0,0.0,0.0,0,(),0.0,0.0
42170,,0.0,0.0,0.0,0,(),0.0,0.0
42175,,0.0,0.0,0.0,0,(),0.0,0.0
42180,,0.0,0.0,0.0,0,(),0.0,0.0
42185,,0.0,0.0,0.0,0,(),0.0,0.0
42190,,0.0,0.0,0.0,0,(),0.0,0.0
42195,,0.0,0.0,0.0,0,(),0.0,0.0
42200,,0.0,0.0,0.0,0,(),0.0,0.0
42205,,0.0,0.0,0.0,0,(),0.0,0.0
42210,,0.0,0.0,0.0,0,(),0.0,0.0
42215,,0.0,0.0,0.0,0,(),0.0,0.0
42220,,0.0,0.0,0.0,0,(),0.0,0.0
42225,,0.0,0.0,0.0,0,(),0.0,0.0
42230,,0.0,0.0,0.0,0,(),0.0,0.0
42235,,0.0,0.0,0.0,0,(),0.0,0.0
42240,,0.0,0.0,0.0,0,(),0.0,0.0
42245,,0.0,0.0,0.0,0,(),0.0,0.0
42250,,0.0,0.0,0.0,0,(),0.0,0.0
42255,,0.0,0.0,0.0,0,(),0.0,0.0
42260,,0.0,0.0,0.0,0,(),0.0,0.0
42265,,0.0,0.0,0.0,0,(),0.0,0.0
42270,,0.0,0.0,0.0,0,(),0.0,0.0
42275,,0.0,0.0,0.0,0,(),0.0,0.0
42280,,0.0,0.0,0.0,0,(),0.0,0.0
42285,,0.0,0.0,0.0,0,(),0.0,0.0
42290,,0.0,0.0,0.0,0,(),0.0,0.0
42295,,0.0,0.0,0.0,0,(),0.0,0.0
42300,,0.0,0.0,0.0,0,(),0.0,0.0
42305,,0.0,0.0,0.0,0,(),0.0,0.0
42310,,0.0,0.0,0.0,0,(),0.0,0.0
42315,,0.0,0.0,0.0,0,(),0.0,0.0
42320,,0.0,0.0,0.0,0,(),0.0,0.0
42325,,0.0,0.0,0.0,0,(),0.0,0.0
42330,,0.0,0.0,0.0,0,(),0.0,0.0
42335,,0.0,0.0,0.0,0,(),0.0,0.0
42340,,0.0,0.0,0.0,0,(),0.0,0.0
42345,,0.0,0.0,0.0,0,(),0.0,0.0
42350,,0.0,0.0,0.0,0,(),0.0,0.0
42355,,0.0,0.0,0.0,0,(),0.0,0.0
42360,,0.0,0.0,0.0,0,(),0.0,0.0
42365,,0.0,0.0,0.0,0,(),0.0,0.0
42370,,0.0,0.0,0.0,0,(),0.0,0.0
42375,,0.0,0.0,0.0,0,(),0.0,0.0
42380,,0.0,0.0,0.0,0,(),0.0,0.0
42385,,0.0,0.0,0.0,0,(),0.0,0.0
42390,,0.0,0.0,0.0,0,(),0.0,0.0
42395,,0.0,0.0,0.0,0,(),0.0,0.0
42400,,0.0,0.0,0.0,0,(),0.0,0.0
42405,,0.0,0.0,0.0,0,(),0.0,0.0
42410,,0.0,0.0,0.0,0,(),0.0,0.0
42415,,0.0,0.0,0.0,0,(),0.0,0.0
42420,,0.0,0.0,0.0,0,(),0.0,0.0
42425,,0.0,0.0,0.0,0,(),0.0,0.0
42430,,0.0,0.0,0.0,0,(),0.0,0.0
42435,,0.0,0.0,0.0,0,(),0.0,0.0
42440,,0.0,0.0,0.0,0,(),0.0,0.0
42445,,0.0,0.0,0.0,0,(),0.0,0.0
42450,,0.0,0.0,0.0,0,(),0.0,0.0
42455,,0.0,0.0,0.0,0,(),0.0,0.0
42460,,0.0,0.0,0.0,0,(),0.0,0.0
42465,,0.0,0.0,0.0,0,(),0.0,0.0
42470,,0.0,0.0,0.0,0,(),0.0,0.0
42475,,0.0,0.0,0.0,0,(),0.0,0.0
42480,,0.0,0.0,0.0,0,(),0.0,0.0
42485,,0.0,0.0,0.0,0,(),0.0,0.0
42490,,0.0,0.0,0.0,0,(),0.0,0.0
42495,,0.0,0.0,0.0,0,(),0.0,0.0
42500,,0.0,0.0,0.0,0,(),0.0,0.0
42505,,0.0,0.0,0.0,0,(),0.0,0.0
42510,,0.0,0.0,0.0,0,(),0.0,0.0
42515,,0.0,0.0,0.0,0,(),0.0,0.0
42520,,0.0,0.0,0.0,0,(),0.0,0.0
42525,,0.0,0.0,0.0,0,(),0.0,0.0
42530,,0.0,0.0,0.0,0,(),0.0,0.0
42535,,0.0,0.0,0.0,0,(),0.0,0.0
42540,,0.0,0.0,0.0,0,(),0.0,0.0
42545,,0.0,0.0,0.0,0,(),0.0,0.0
42550,,0.0,0.0,0.0,0,(),0.0,0.0
42555,,0.0,0.0,0.0,0,(),0.0,0.0
42560,,0.0,0.0,0.0,0,(),0.0,0.0
42565,,0.0,0.0,0.0,0,(),0.0,0.0
42570,,0.0,0.0,0.0,0,(),0.0,0.0
42575,,0.0,0.0,0.0,0,(),0.0,0.0
42580,,0.0,0.0,0.0,0,(),0.0,0.0
42585,,0.0,0.0,0.0,0,(),0.0,0.0
42590,,0.0,0.0,0.0,0,(),0.0,0.0
42595,,0.0,0.0,0.0,0,(),0.0,0.0
42600,,0.0,0.0,0.0,0,(),0.0,0.0
42605,,0.0,0.0,0.0,0,(),0.0,0.0
42610,,0.0,0.0,0.0,0,(),0.0,0.0
42615,,0.0,0.0,0.0,0,(),0.0,0.0
42620,,0.0,0.0,0.0,0,(),0.0,0.0
42625,,0.0,0.0,0.0,0,(),0.0,0.0
42630,,0.0,0.0,0.0,0,(),0.0,0.0
42635,,0.0,0.0,0.0,0,(),0.0,0.0
42640,,0.0,0.0,0.0,0,(),0.0,0.0
42645,,0.0,0.0,0.0,0,(),0.0,0.0
42650,,0.0,0.0,0.0,0,(),0.0,0.0
42655,,0.0,0.0,0.0,0,(),0.0,0.0
42660,,0.0,0.0,0.0,0,(),0.0,0.0
42665,,0.0,0.0,0.0,0,(),0.0,0.0
42670,,0.0,0.0,0.0,0,(),0.0,0.0
42675,,0.0,0.0,0.0,0,(),0.0,0.0
42680,,0.0,0.0,0.0,0,(),0.0,0.0
42685,,0.0,0.0,0.0,0,(),0.0,0.0
42690,,0.0,0.0,0.0,0,(),0.0,0.0
42695,,0.0,0.0,0.0,0,(),0.0,0.0
42700,,0.0,0.0,0.0,0,(),0.0,0.0
42705,,0.0,0.0,0.0,0,(),0.0,0.0
42710,,0.0,0.0,0.0,0,(),0.0,0.0
42715,,0.0,0.0,0.0,0,(),0.0,0.0
42720,,0.0,0.0,0.0,0,(),0.0,0.0
42725,,0.0,0.0,0.0,0,(),0.0,0.0
42730,,0.0,0.0,0.0,0,(),0.0,0.0
42735,,0.0,0.0,0.0,0,(),0.0,0.0
42740,,0.0,0.0,0.0,0,(),0.0,0.0
42745,,0.0,0.0,0.0,0,(),0.0,0.0
42750,,0.0,0.0,0.0,0,(),0.0,0.0
42755,,0.0,0.0,0.0,0,(),0.0,0.0
42760,,0.0,0.0,0.0,0,(),0.0,0.0
42765,,0.0,0.0,0.0,0,(),0.0,0.0
42770,,0.0,0.0,0.0,0,(),0.0,0.0
42775,,0.0,0.0,0.0,0,(),0.0,0.0
42780,,0.0,0.0,0.0,0,(),0.0,0.0
42785,,0.0,0.0,0.0,0,(),0.0,0.0
42790,,0.0,0.0,0.0,0,(),0.0,0.0
42795,,0.0,0.0,0.0,0,(),0.0,0.0
42800,,0.0,0.0,0.0,0,(),0.0,0.0
42805,,0.0,0.0,0.0,0,(),0.0,0.0
42810,,0.0,0.0,0.0,0,(),0.0,0.0
42815,,0.0,0.0,0.0,0,(),0.0,0.0
42820,,0.0,0.0,0.0,0,(),0.0,0.0
42825,,0.0,0.0,0.0,0,(),0.0,0.0
42830,,0.0,0.0,0.0,0,(),0.0,0.0
42835,,0.0,0.0,0.0,0,(),0.0,0.0
42840,,0.0,0.0,0.0,0,(),0.0,0.0
42845,,0.0,0.0,0.0,0,(),0.0,0.0
42850,,0.0,0.0,0.0,0,(),0.0,0.0
42855,,0.0,0.0,0.0,0,(),0.0,0.0
42860,,0.0,0.0,0.0,0,(),0.0,0.0
42865,,0.0,0.0,0.0,0,(),0.0,0.0
42870,,0.0,0.0,0.0,0,(),0.0,0.0
42875,,0.0,0.0,0.0,0,(),0.0,0.0
42880,,0.0,0.0,0.0,0,(),0.0,0.0
42885,,0.0,0.0,0.0,0,(),0.0,0.0
42890,,0.0,0.0,0.0,0,(),0.0,0.0
42895,,0.0,0.0,0.0,0,(),0.0,0.0
42900,,0.0,0.0,0.0,0,(),0.0,0.0
42905,,0.0,0.0,0.0,0,(),0.0,0.0
42910,,0.0,0.0,0.0,0,(),0.0,0.0
42915,,0.0,0.0,0.0,0,(),0.0,0.0
42920,,0.0,0.0,0.0,0,(),0.0,0.0
42925,,0.0,0.0,0.0,0,(),0.0,0.0
42930,,0.0,0.0,0.0,0,(),0.0,0.0
42935,,0.0,0.0,0.0,0,(),0.0,0.0
42940,,0.0,0.0,0.0,0,(),0.0,0.0
42945,,0.0,0.0,0.0,0,(),0.0,0.0
42950,,0.0,0.0,0.0,0,(),0.0,0.0
42955,,0.0,0.0,0.0,0,(),0.0,0.0
42960,,0.0,0.0,0.0,0,(),0.0,0.0
42965,,0.0,0.0,0.0,0,(),0.0,0.0
42970,,0.0,0.0,0.0,0,(),0.0,0.0
42975,,0.0,0.0,0.0,0,(),0.0,0.0
42980,,0.0,0.0,0.0,0,(),0.0,0.0
42985,,0.0,0.0,0.0,0,(),0.0,0.0
42990,,0.0,0.0,0.0,0,(),0.0,0.0
42995,,0.0,0.0,0.0,0,(),0.0,0.0
43000,,0.0,0.0,0.0,0,(),0.0,0.0
43005,,0.0,0.0,0.0,0,(),0.0,0.0
43010,,0.0,0.0,0.0,0,(),0.0,0.0
43015,,0.0,0.0,0.0,0,(),0.0,0.0
43020,,0.0,0.0,0.0,0,(),0.0,0.0
43025,,0.0,0.0,0.0,0,(),0.0,0.0
43030,,0.0,0.0,0.0,0,(),0.0,0.0
43035,,0.0,0.0,0.0,0,(),0.0,0.0
43040,,0.0,0.0,0.0,0,(),0.0,0.0
43045,,0.0,0.0,0.0,0,(),0.0,0.0
43050,,0.0,0.0,0.0,0,(),0.0,0.0
43055,,0.0,0.0,0.0,0,(),0.0,0.0
43060,,0.0,0.0,0.0,0,(),0.0,0.0
43065,,0.0,0.0,0.0,0,(),0.0,0.0
43070,,0.0,0.0,0.0,0,(),0.0,0.0
43075,,0.0,0.0,0.0,0,(),0.0,0.0
43080,,0.0,0.0,0.0,0,(),0.0,0.0
43085,,0.0,0.0,0.0,0,(),0.0,0.0
43090,,0.0,0.0,0.0,0,(),0.0,0.0
43095,,0.0,0.0,0.0,0,(),0.0,0.0
43100,,0.0,0.0,0.0,0,(),0.0,0.0
43105,,0.0,0.0,0.0,0,(),0.0,0.0
43110,,0.0,0.0,0.0,0,(),0.0,0.0
43115,,0.0,0.0,0.0,0,(),0.0,0.0
43120,,0.0,0.0,0.0,0,(),0.0,0.0
43125,,0.0,0.0,0.0,0,(),0.0,0.0
43130,,0.0,0.0,0.0,0,(),0.0,0.0
43135,,0.0,0.0,0.0,0,(),0.0,0.0
43140,,0.0,0.0,0.0,0,(),0.0,0.0
43145,,0.0,0.0,0.0,0,(),0.0,0.0
43150,,0.0,0.0,0.0,0,(),0.0,0.0
43155,,0.0,0.0,0.0,0,(),0.0,0.0
43160,,0.0,0.0,0.0,0,(),0.0,0.0
43165,,0.0,0.0,0.0,0,(),0.0,0.0
43170,,0.0,0.0,0.0,0,(),0.0,0.0
43175,,0.0,0.0,0.0,0,(),0.0,0.0
43180,,0.0,0.0,0.0,0,(),0.0,0.0
43185,,0.0,0.0,0.0,0,(),0.0,0.0
43190,,0.0,0.0,0.0,0,(),0.0,0.0
43195,,0.0,0.0,0.0,0,(),0.0,0.0
43200,,0.0,0.0,0.0,0,(),0.0,0.0
43205,,0.0,0.0,0.0,0,(),0.0,0.0
43210,,0.0,0.0,0.0,0,(),0.0,0.0
43215,,0.0,0.0,0.0,0,(),0.0,0.0
43220,,0.0,0.0,0.0,0,(),0.0,0.0
43225,,0.0,0.0,0.0,0,(),0.0,0.0
43230,,0.0,0.0,0.0,0,(),0.0,0.0
43235,,0.0,0.0,0.0,0,(),0.0,0.0
43240,,0.0,0.0,0.0,0,(),0.0,0.0
43245,,0.0,0.0,0.0,0,(),0.0,0.0
43250,,0.0,0.0,0.0,0,(),0.0,0.0
43255,,0.0,0.0,0.0,0,(),0.0,0.0
43260,,0.0,0.0,0.0,0,(),0.0,0.0
43265,,0.0,0.0,0.0,0,(),0.0,0.0
43270,,0.0,0.0,0.0,0,(),0.0,0.0
43275,,0.0,0.0,0.0,0,(),0.0,0.0
43280,,0.0,0.0,0.0,0,(),0.0,0.0
43285,,0.0,0.0,0.0,0,(),0.0,0.0
43290,,0.0,0.0,0.0,0,(),0.0,0.0
43295,,0.0,0.0,0.0,0,(),0.0,0.0
43300,,0.0,0.0,0.0,0,(),0.0,0.0
43305,,0.0,0.0,0.0,0,(),0.0,0.0
43310,,0.0,0.0,0.0,0,(),0.0,0.0
43315,,0.0,0.0,0.0,0,(),0.0,0.0
43320,,0.0,0.0,0.0,0,(),0.0,0.0
43325,,0.0,0.0,0.0,0,(),0.0,0.0
43330,,0.0,0.0,0.0,0,(),0.0,0.0
43335,,0.0,0.0,0.0,0,(),0.0,0.0
43340,,0.0,0.0,0.0,0,(),0.0,0.0
43345,,0.0,0.0,0.0,0,(),0.0,0.0
43350,,0.0,0.0,0.0,0,(),0.0,0.0
43355,,0.0,0.0,0.0,0,(),0.0,0.0
43360,,0.0,0.0,0.0,0,(),0.0,0.0
43365,,0.0,0.0,0.0,0,(),0.0,0.0
43370,,0.0,0.0,0.0,0,(),0.0,0.0
43375,,0.0,0.0,0.0,0,(),0.0,0.0
43380,,0.0,0.0,0.0,0,(),0.0,0.0
43385,,0.0,0.0,0.0,0,(),0.0,0.0
43390,,0.0,0.0,0.0,0,(),0.0,0.0
43395,,0.0,0.0,0.0,0,(),0.0,0.0
43400,,0.0,0.0,0.0,0,(),0.0,0.0
43405,,0.0,0.0,0.0,0,(),0.0,0.0
43410,,0.0,0.0,0.0,0,(),0.0,0.0
43415,,0.0,0.0,0.0,0,(),0.0,0.0
43420,,0.0,0.0,0.0,0,(),0.0,0.0
43425,,0.0,0.0,0.0,0,(),0.0,0.0
43430,,0.0,0.0,0.0,0,(),0.0,0.0
43435,,0.0,0.0,0.0,0,(),0.0,0.0
43440,,0.0,0.0,0.0,0,(),0.0,0.0
43445,,0.0,0.0,0.0,0,(),0.0,0.0
43450,,0.0,0.0,0.0,0,(),0.0,0.0
43455,,0.0,0.0,0.0,0,(),0.0,0.0
43460,,0.0,0.0,0.0,0,(),0.0,0.0
43465,,0.0,0.0,0.0,0,(),0.0,0.0
43470,,0.0,0.0,0.0,0,(),0.0,0.0
43475,,0.0,0.0,0.0,0,(),0.0,0.0
43480,,0.0,0.0,0.0,0,(),0.0,0.0
43485,,0.0,0.0,0.0,0,(),0.0,0.0
43490,,0.0,0.0,0.0,0,(),0.0,0.0
43495,,0.0,0.0,0.0,0,(),0.0,0.0
43500,,0.0,0.0,0.0,0,(),0.0,0.0
43505,,0.0,0.0,0.0,0,(),0.0,0.0
43510,,0.0,0.0,0.0,0,(),0.0,0.0
43515,,0.0,0.0,0.0,0,(),0.0,0.0
43520,,0.0,0.0,0.0,0,(),0.0,0.0
43525,,0.0,0.0,0.0,0,(),0.0,0.0
43530,,0.0,0.0,0.0,0,(),0.0,0.0
43535,,0.0,0.0,0.0,0,(),0.0,0.0
43540,,0.0,0.0,0.0,0,(),0.0,0.0
43545,,0.0,0.0,0.0,0,(),0.0,0.0
43550,,0.0,0.0,0.0,0,(),0.0,0.0
43555,,0.0,0.0,0.0,0,(),0.0,0.0
43560,,0.0,0.0,0.0,0,(),0.0,0.0
43565,,0.0,0.0,0.0,0,(),0.0,0.0
43570,,0.0,0.0,0.0,0,(),0.0,0.0
43575,,0.0,0.0,0.0,0,(),0.0,0.0
43580,,0.0,0.0,0.0,0,(),0.0,0.0
43585,,0.0,0.0,0.0,0,(),0.0,0.0
43590,,0.0,0.0,0.0,0,(),0.0,0.0
43595,,0.0,0.0,0.0,0,(),0.0,0.0
43600,,0.0,0.0,0.0,0,(),0.0,0.0
43605,,0.0,0.0,0.0,0,(),0.0,0.0
43610,,0.0,0.0,0.0,0,(),0.0,0.0
43615,,0.0,0.0,0.0,0,(),0.0,0.0
43620,,0.0,0.0,0.0,0,(),0.0,0.0
43625,,0.0,0.0,0.0,0,(),0.0,0.0
43630,,0.0,0.0,0.0,0,(),0.0,0.0
43635,,0.0,0.0,0.0,0,(),0.0,0.0
43640,,0.0,0.0,0.0,0,(),0.0,0.0
43645,,0.0,0.0,0.0,0,(),0.0,0.0
43650,,0.0,0.0,0.0,0,(),0.0,0.0
43655,,0.0,0.0,0.0,0,(),0.0,0.0
43660,,0.0,0.0,0.0,0,(),0.0,0.0
43665,,0.0,0.0,0.0,0,(),0.0,0.0
43670,,0.0,0.0,0.0,0,(),0.0,0.0
43675,,0.0,0.0,0.0,0,(),0.0,0.0
43680,,0.0,0.0,0.0,0,(),0.0,0.0
43685,,0.0,0.0,0.0,0,(),0.0,0.0
43690,,0.0,0.0,0.0,0,(),0.0,0.0
43695,,0.0,0.0,0.0,0,(),0.0,0.0
43700,,0.0,0.0,0.0,0,(),0.0,0.0
43705,,0.0,0.0,0.0,0,(),0.0,0.0
43710,,0.0,0.0,0.0,0,(),0.0,0.0
43715,,0.0,0.0,0.0,0,(),0.0,0.0
43720,,0.0,0.0,0.0,0,(),0.0,0.0
43725,,0.0,0.0,0.0,0,(),0.0,0.0
43730,,0.0,0.0,0.0,0,(),0.0,0.0
43735,,0.0,0.0,0.0,0,(),0.0,0.0
43740,,0.0,0.0,0.0,0,(),0.0,0.0
43745,,0.0,0.0,0.0,0,(),0.0,0.0
43750,,0.0,0.0,0.0,0,(),0.0,0.0
43755,,0.0,0.0,0.0,0,(),0.0,0.0
43760,,0.0,0.0,0.0,0,(),0.0,0.0
43765,,0.0,0.0,0.0,0,(),0.0,0.0
43770,,0.0,0.0,0.0,0,(),0.0,0.0
43775,,0.0,0.0,0.0,0,(),0.0,0.0
43780,,0.0,0.0,0.0,0,(),0.0,0.0
43785,,0.0,0.0,0.0,0,(),0.0,0.0
43790,,0.0,0.0,0.0,0,(),0.0,0.0
43795,,0.0,0.0,0.0,0,(),0.0,0.0
43800,,0.0,0.0,0.0,0,(),0.0,0.0
43805,,0.0,0.0,0.0,0,(),0.0,0.0
43810,,0.0,0.0,0.0,0,(),0.0,0.0
43815,,0.0,0.0,0.0,0,(),0.0,0.0
43820,,0.0,0.0,0.0,0,(),0.0,0.0
43825,,0.0,0.0,0.0,0,(),0.0,0.0
43830,,0.0,0.0,0.0,0,(),0.0,0.0
43835,,0.0,0.0,0.0,0,(),0.0,0.0
43840,,0.0,0.0,0.0,0,(),0.0,0.0
43845,,0.0,0.0,0.0,0,(),0.0,0.0
43850,,0.0,0.0,0.0,0,(),0.0,0.0
43855,,0.0,0.0,0.0,0,(),0.0,0.0
43860,,0.0,0.0,0.0,0,(),0.0,0.0
43865,,0.0,0.0,0.0,0,(),0.0,0.0
43870,,0.0,0.0,0.0,0,(),0.0,0.0
43875,,0.0,0.0,0.0,0,(),0.0,0.0
43880,,0.0,0.0,0.0,0,(),0.0,0.0
43885,,0.0,0.0,0.0,0,(),0.0,0.0
43890,,0.0,0.0,0.0,0,(),0.0,0.0
43895,,0.0,0.0,0.0,0,(),0.0,0.0
43900,,0.0,0.0,0.0,0,(),0.0,0.0
43905,,0.0,0.0,0.0,0,(),0.0,0.0
43910,,0.0,0.0,0.0,0,(),0.0,0.0
43915,,0.0,0.0,0.0,0,(),0.0,0.0
43920,,0.0,0.0,0.0,0,(),0.0,0.0
43925,,0.0,0.0,0.0,0,(),0.0,0.0
43930,,0.0,0.0,0.0,0,(),0.0,0.0
43935,,0.0,0.0,0.0,0,(),0.0,0.0
43940,,0.0,0.0,0.0,0,(),0.0,0.0
43945,,0.0,0.0,0.0,0,(),0.0,0.0
43950,,0.0,0.0,0.0,0,(),0.0,0.0
43955,,0.0,0.0,0.0,0,(),0.0,0.0
43960,,0.0,0.0,0.0,0,(),0.0,0.0
43965,,0.0,0.0,0.0,0,(),0.0,0.0
43970,,0.0,0.0,0.0,0,(),0.0,0.0
43975,,0.0,0.0,0.0,0,(),0.0,0.0
43980,,0.0,0.0,0.0,0,(),0.0,0.0
43985,,0.0,0.0,0.0,0,(),0.0,0.0
43990,,0.0,0.0,0.0,0,(),0.0,0.0
43995,,0.0,0.0,0.0,0,(),0.0,0.0
44000,,0.0,0.0,0.0,0,(),0.0,0.0
44005,,0.0,0.0,0.0,0,(),0.0,0.0
44010,,0.0,0.0,0.0,0,(),0.0,0.0
44015,,0.0,0.0,0.0,0,(),0.0,0.0
44020,,0.0,0.0,0.0,0,(),0.0,0.0
44025,,0.0,0.0,0.0,0,(),0.0,0.0
44030,,0.0,0.0,0.0,0,(),0.0,0.0
44035,,0.0,0.0,0.0,0,(),0.0,0.0
44040,,0.0,0.0,0.0,0,(),0.0,0.0
44045,,0.0,0.0,0.0,0,(),0.0,0.0
44050,,0.0,0.0,0.0,0,(),0.0,0.0
44055,,0.0,0.0,0.0,0,(),0.0,0.0
44060,,0.0,0.0,0.0,0,(),0.0,0.0
44065,,0.0,0.0,0.0,0,(),0.0,0.0
44070,,0.0,0.0,0.0,0,(),0.0,0.0
44075,,0.0,0.0,0.0,0,(),0.0,0.0
44080,,0.0,0.0,0.0,0,(),0.0,0.0
44085,,0.0,0.0,0.0,0,(),0.0,0.0
44090,,0.0,0.0,0.0,0,(),0.0,0.0
44095,,0.0,0.0,0.0,0,(),0.0,0.0
44100,,0.0,0.0,0.0,0,(),0.0,0.0
44105,,0.0,0.0,0.0,0,(),0.0,0.0
44110,,0.0,0.0,0.0,0,(),0.0,0.0
44115,,0.0,0.0,0.0,0,(),0.0,0.0
44120,,0.0,0.0,0.0,0,(),0.0,0.0
44125,,0.0,0.0,0.0,0,(),0.0,0.0
44130,,0.0,0.0,0.0,0,(),0.0,0.0
44135,,0.0,0.0,0.0,0,(),0.0,0.0
44140,,0.0,0.0,0.0,0,(),0.0,0.0
44145,,0.0,0.0,0.0,0,(),0.0,0.0
44150,,0.0,0.0,0.0,0,(),0.0,0.0
44155,,0.0,0.0,0.0,0,(),0.0,0.0
44160,,0.0,0.0,0.0,0,(),0.0,0.0
44165,,0.0,0.0,0.0,0,(),0.0,0.0
44170,,0.0,0.0,0.0,0,(),0.0,0.0
44175,,0.0,0.0,0.0,0,(),0.0,0.0
44180,,0.0,0.0,0.0,0,(),0.0,0.0
44185,,0.0,0.0,0.0,0,(),0.0,0.0
44190,,0.0,0.0,0.0,0,(),0.0,0.0
44195,,0.0,0.0,0.0,0,(),0.0,0.0
44200,,0.0,0.0,0.0,0,(),0.0,0.0
44205,,0.0,0.0,0.0,0,(),0.0,0.0
44210,,0.0,0.0,0.0,0,(),0.0,0.0
44215,,0.0,0.0,0.0,0,(),0.0,0.0
44220,,0.0,0.0,0.0,0,(),0.0,0.0
44225,,0.0,0.0,0.0,0,(),0.0,0.0
44230,,0.0,0.0,0.0,0,(),0.0,0.0
44235,,0.0,0.0,0.0,0,(),0.0,0.0
44240,,0.0,0.0,0.0,0,(),0.0,0.0
44245,,0.0,0.0,0.0,0,(),0.0,0.0
44250,,0.0,0.0,0.0,0,(),0.0,0.0
44255,,0.0,0.0,0.0,0,(),0.0,0.0
44260,,0.0,0.0,0.0,0,(),0.0,0.0
44265,,0.0,0.0,0.0,0,(),0.0,0.0
44270,,0.0,0.0,0.0,0,(),0.0,0.0
44275,,0.0,0.0,0.0,0,(),0.0,0.0
44280,,0.0,0.0,0.0,0,(),0.0,0.0
44285,,0.0,0.0,0.0,0,(),0.0,0.0
44290,,0.0,0.0,0.0,0,(),0.0,0.0
44295,,0.0,0.0,0.0,0,(),0.0,0.0
44300,,0.0,0.0,0.0,0,(),0.0,0.0
44305,,0.0,0.0,0.0,0,(),0.0,0.0
44310,,0.0,0.0,0.0,0,(),0.0,0.0
44315,,0.0,0.0,0.0,0,(),0.0,0.0
44320,,0.0,0.0,0.0,0,(),0.0,0.0
44325,,0.0,0.0,0.0,0,(),0.0,0.0
44330,,0.0,0.0,0.0,0,(),0.0,0.0
44335,,0.0,0.0,0.0,0,(),0.0,0.0
44340,,0.0,0.0,0.0,0,(),0.0,0.0
44345,,0.0,0.0,0.0,0,(),0.0,0.0
44350,,0.0,0.0,0.0,0,(),0.0,0.0
44355,,0.0,0.0,0.0,0,(),0.0,0.0
44360,,0.0,0.0,0.0,0,(),0.0,0.0
44365,,0.0,0.0,0.0,0,(),0.0,0.0
44370,,0.0,0.0,0.0,0,(),0.0,0.0
44375,,0.0,0.0,0.0,0,(),0.0,0.0
44380,,0.0,0.0,0.0,0,(),0.0,0.0
44385,,0.0,0.0,0.0,0,(),0.0,0.0
44390,,0.0,0.0,0.0,0,(),0.0,0.0
44395,,0.0,0.0,0.0,0,(),0.0,0.0
44400,,0.0,0.0,0.0,0,(),0.0,0.0
44405,,0.0,0.0,0.0,0,(),0.0,0.0
44410,,0.0,0.0,0.0,0,(),0.0,0.0
44415,,0.0,0.0,0.0,0,(),0.0,0.0
44420,,0.0,0.0,0.0,0,(),0.0,0.0
44425,,0.0,0.0,0.0,0,(),0.0,0.0
44430,,0.0,0.0,0.0,0,(),0.0,0.0
44435,,0.0,0.0,0.0,0,(),0.0,0.0
44440,,0.0,0.0,0.0,0,(),0.0,0.0
44445,,0.0,0.0,0.0,0,(),0.0,0.0
44450,,0.0,0.0,0.0,0,(),0.0,0.0
44455,,0.0,0.0,0.0,0,(),0.0,0.0
44460,,0.0,0.0,0.0,0,(),0.0,0.0
44465,,0.0,0.0,0.0,0,(),0.0,0.0
44470,,0.0,0.0,0.0,0,(),0.0,0.0
44475,,0.0,0.0,0.0,0,(),0.0,0.0
44480,,0.0,0.0,0.0,0,(),0.0,0.0
44485,,0.0,0.0,0.0,0,(),0.0,0.0
44490,,0.0,0.0,0.0,0,(),0.0,0.0
44495,,0.0,0.0,0.0,0,(),0.0,0.0
44500,,0.0,0.0,0.0,0,(),0.0,0.0
44505,,0.0,0.0,0.0,0,(),0.0,0.0
44510,,0.0,0.0,0.0,0,(),0.0,0.0
44515,,0.0,0.0,0.0,0,(),0.0,0.0
44520,,0.0,0.0,0.0,0,(),0.0,0.0
44525,,0.0,0.0,0.0,0,(),0.0,0.0
44530,,0.0,0.0,0.0,0,(),0.0,0.0
44535,,0.0,0.0,0.0,0,(),0.0,0.0
44540,,0.0,0.0,0.0,0,(),0.0,0.0
44545,,0.0,0.0,0.0,0,(),0.0,0.0
44550,,0.0,0.0,0.0,0,(),0.0,0.0
44555,,0.0,0.0,0.0,0,(),0.0,0.0
44560,,0.0,0.0,0.0,0,(),0.0,0.0
44565,,0.0,0.0,0.0,0,(),0.0,0.0
44570,,0.0,0.0,0.0,0,(),0.0,0.0
44575,,0.0,0.0,0.0,0,(),0.0,0.0
44580,,0.0,0.0,0.0,0,(),0.0,0.0
44585,,0.0,0.0,0.0,0,(),0.0,0.0
44590,,0.0,0.0,0.0,0,(),0.0,0.0
44595,,0.0,0.0,0.0,0,(),0.0,0.0
44600,,0.0,0.0,0.0,0,(),0.0,0.0
44605,,0.0,0.0,0.0,0,(),0.0,0.0
44610,,0.0,0.0,0.0,0,(),0.0,0.0
44615,,0.0,0.0,0.0,0,(),0.0,0.0
44620,,0.0,0.0,0.0,0,(),0.0,0.0
44625,,0.0,0.0,0.0,0,(),0.0,0.0
44630,,0.0,0.0,0.0,0,(),0.0,0.0
44635,,0.0,0.0,0.0,0,(),0.0,0.0
44640,,0.0,0.0,0.0,0,(),0.0,0.0
44645,,0.0,0.0,0.0,0,(),0.0,0.0
44650,,0.0,0.0,0.0,0,(),0.0,0.0
44655,,0.0,0.0,0.0,0,(),0.0,0.0
44660,,0.0,0.0,0.0,0,(),0.0,0.0
44665,,0.0,0.0,0.0,0,(),0.0,0.0
44670,,0.0,0.0,0.0,0,(),0.0,0.0
44675,,0.0,0.0,0.0,0,(),0.0,0.0
44680,,0.0,0.0,0.0,0,(),0.0,0.0
44685,,0.0,0.0,0.0,0,(),0.0,0.0
44690,,0.0,0.0,0.0,0,(),0.0,0.0
44695,,0.0,0.0,0.0,0,(),0.0,0.0
44700,,0.0,0.0,0.0,0,(),0.0,0.0
44705,,0.0,0.0,0.0,0,(),0.0,0.0
44710,,0.0,0.0,0.0,0,(),0.0,0.0
44715,,0.0,0.0,0.0,0,(),0.0,0.0
44720,,0.0,0.0,0.0,0,(),0.0,0.0
44725,,0.0,0.0,0.0,0,(),0.0,0.0
44730,,0.0,0.0,0.0,0,(),0.0,0.0
44735,,0.0,0.0,0.0,0,(),0.0,0.0
44740,,0.0,0.0,0.0,0,(),0.0,0.0
44745,,0.0,0.0,0.0,0,(),0.0,0.0
44750,,0.0,0.0,0.0,0,(),0.0,0.0
44755,,0.0,0.0,0.0,0,(),0.0,0.0
44760,,0.0,0.0,0.0,0,(),0.0,0.0
44765,,0.0,0.0,0.0,0,(),0.0,0.0
44770,,0.0,0.0,0.0,0,(),0.0,0.0
44775,,0.0,0.0,0.0,0,(),0.0,0.0
44780,,0.0,0.0,0.0,0,(),0.0,0.0
44785,,0.0,0.0,0.0,0,(),0.0,0.0
44790,,0.0,0.0,0.0,0,(),0.0,0.0
44795,,0.0,0.0,0.0,0,(),0.0,0.0
44800,,0.0,0.0,0.0,0,(),0.0,0.0
44805,,0.0,0.0,0.0,0,(),0.0,0.0
44810,,0.0,0.0,0.0,0,(),0.0,0.0
44815,,0.0,0.0,0.0,0,(),0.0,0.0
44820,,0.0,0.0,0.0,0,(),0.0,0.0
44825,,0.0,0.0,0.0,0,(),0.0,0.0
44830,,0.0,0.0,0.0,0,(),0.0,0.0
44835,,0.0,0.0,0.0,0,(),0.0,0.0
44840,,0.0,0.0,0.0,0,(),0.0,0.0
44845,,0.0,0.0,0.0,0,(),0.0,0.0
44850,,0.0,0.0,0.0,0,(),0.0,0.0
44855,,0.0,0.0,0.0,0,(),0.0,0.0
44860,,0.0,0.0,0.0,0,(),0.0,0.0
44865,,0.0,0.0,0.0,0,(),0.0,0.0
44870,,0.0,0.0,0.0,0,(),0.0,0.0
44875,,0.0,0.0,0.0,0,(),0.0,0.0
44880,,0.0,0.0,0.0,0,(),0.0,0.0
44885,,0.0,0.0,0.0,0,(),0.0,0.0
44890,,0.0,0.0,0.0,0,(),0.0,0.0
44895,,0.0,0.0,0.0,0,(),0.0,0.0
44900,,0.0,0.0,0.0,0,(),0.0,0.0
44905,,0.0,0.0,0.0,0,(),0.0,0.0
44910,,0.0,0.0,0.0,0,(),0.0,0.0
44915,,0.0,0.0,0.0,0,(),0.0,0.0
44920,,0.0,0.0,0.0,0,(),0.0,0.0
44925,,0.0,0.0,0.0,0,(),0.0,0.0
44930,,0.0,0.0,0.0,0,(),0.0,0.0
44935,,0.0,0.0,0.0,0,(),0.0,0.0
44940,,0.0,0.0,0.0,0,(),0.0,0.0
44945,,0.0,0.0,0.0,0,(),0.0,0.0
44950,,0.0,0.0,0.0,0,(),0.0,0.0
44955,,0.0,0.0,0.0,0,(),0.0,0.0
44960,,0.0,0.0,0.0,0,(),0.0,0.0
44965,,0.0,0.0,0.0,0,(),0.0,0.0
44970,,0.0,0.0,0.0,0,(),0.0,0.0
44975,,0.0,0.0,0.0,0,(),0.0,0.0
44980,,0.0,0.0,0.0,0,(),0.0,0.0
44985,,0.0,0.0,0.0,0,(),0.0,0.0
44990,,0.0,0.0,0.0,0,(),0.0,0.0
44995,,0.0,0.0,0.0,0,(),0.0,0.0
45000,,0.0,0.0,0.0,0,(),0.0,0.0
45005,,0.0,0.0,0.0,0,(),0.0,0.0
45010,,0.0,0.0,0.0,0,(),0.0,0.0
45015,,0.0,0.0,0.0,0,(),0.0,0.0
45020,,0.0,0.0,0.0,0,(),0.0,0.0
45025,,0.0,0.0,0.0,0,(),0.0,0.0
45030,,0.0,0.0,0.0,0,(),0.0,0.0
45035,,0.0,0.0,0.0,0,(),0.0,0.0
45040,,0.0,0.0,0.0,0,(),0.0,0.0
45045,,0.0,0.0,0.0,0,(),0.0,0.0
45050,,0.0,0.0,0.0,0,(),0.0,0.0
45055,,0.0,0.0,0.0,0,(),0.0,0.0
45060,,0.0,0.0,0.0,0,(),0.0,0.0
45065,,0.0,0.0,0.0,0,(),0.0,0.0
45070,,0.0,0.0,0.0,0,(),0.0,0.0
45075,,0.0,0.0,0.0,0,(),0.0,0.0
45080,,0.0,0.0,0.0,0,(),0.0,0.0
45085,,0.0,0.0,0.0,0,(),0.0,0.0
45090,,0.0,0.0,0.0,0,(),0.0,0.0
45095,,0.0,0.0,0.0,0,(),0.0,0.0
45100,,0.0,0.0,0.0,0,(),0.0,0.0
45105,,0.0,0.0,0.0,0,(),0.0,0.0
45110,,0.0,0.0,0.0,0,(),0.0,0.0
45115,,0.0,0.0,0.0,0,(),0.0,0.0
45120,,0.0,0.0,0.0,0,(),0.0,0.0
45125,,0.0,0.0,0.0,0,(),0.0,0.0
45130,,0.0,0.0,0.0,0,(),0.0,0.0
45135,,0.0,0.0,0.0,0,(),0.0,0.0
45140,,0.0,0.0,0.0,0,(),0.0,0.0
45145,,0.0,0.0,0.0,0,(),0.0,0.0
45150,,0.0,0.0,0.0,0,(),0.0,0.0
45155,,0.0,0.0,0.0,0,(),0.0,0.0
45160,,0.0,0.0,0.0,0,(),0.0,0.0
45165,,0.0,0.0,0.0,0,(),0.0,0.0
45170,,0.0,0.0,0.0,0,(),0.0,0.0
45175,,0.0,0.0,0.0,0,(),0.0,0.0
45180,,0.0,0.0,0.0,0,(),0.0,0.0
45185,,0.0,0.0,0.0,0,(),0.0,0.0
45190,,0.0,0.0,0.0,0,(),0.0,0.0
45195,,0.0,0.0,0.0,0,(),0.0,0.0
45200,,0.0,0.0,0.0,0,(),0.0,0.0
45205,,0.0,0.0,0.0,0,(),0.0,0.0
45210,,0.0,0.0,0.0,0,(),0.0,0.0
45215,,0.0,0.0,0.0,0,(),0.0,0.0
45220,,0.0,0.0,0.0,0,(),0.0,0.0
45225,,0.0,0.0,0.0,0,(),0.0,0.0
45230,,0.0,0.0,0.0,0,(),0.0,0.0
45235,,0.0,0.0,0.0,0,(),0.0,0.0
45240,,0.0,0.0,0.0,0,(),0.0,0.0
45245,,0.0,0.0,0.0,0,(),0.0,0.0
45250,,0.0,0.0,0.0,0,(),0.0,0.0
45255,,0.0,0.0,0.0,0,(),0.0,0.0
45260,,0.0,0.0,0.0,0,(),0.0,0.0
45265,,0.0,0.0,0.0,0,(),0.0,0.0
45270,,0.0,0.0,0.0,0,(),0.0,0.0
45275,,0.0,0.0,0.0,0,(),0.0,0.0
45280,,0.0,0.0,0.0,0,(),0.0,0.0
45285,,0.0,0.0,0.0,0,(),0.0,0.0
45290,,0.0,0.0,0.0,0,(),0.0,0.0
45295,,0.0,0.0,0.0,0,(),0.0,0.0
45300,,0.0,0.0,0.0,0,(),0.0,0.0
45305,,0.0,0.0,0.0,0,(),0.0,0.0
45310,,0.0,0.0,0.0,0,(),0.0,0.0
45315,,0.0,0.0,0.0,0,(),0.0,0.0
45320,,0.0,0.0,0.0,0,(),0.0,0.0
45325,,0.0,0.0,0.0,0,(),0.0,0.0
45330,,0.0,0.0,0.0,0,(),0.0,0.0
45335,,0.0,0.0,0.0,0,(),0.0,0.0
45340,,0.0,0.0,0.0,0,(),0.0,0.0
45345,,0.0,0.0,0.0,0,(),0.0,0.0
45350,,0.0,0.0,0.0,0,(),0.0,0.0
45355,,0.0,0.0,0.0,0,(),0.0,0.0
45360,,0.0,0.0,0.0,0,(),0.0,0.0
45365,,0.0,0.0,0.0,0,(),0.0,0.0
45370,,0.0,0.0,0.0,0,(),0.0,0.0
45375,,0.0,0.0,0.0,0,(),0.0,0.0
45380,,0.0,0.0,0.0,0,(),0.0,0.0
45385,,0.0,0.0,0.0,0,(),0.0,0.0
45390,,0.0,0.0,0.0,0,(),0.0,0.0
45395,,0.0,0.0,0.0,0,(),0.0,0.0
45400,,0.0,0.0,0.0,0,(),0.0,0.0
45405,,0.0,0.0,0.0,0,(),0.0,0.0
45410,,0.0,0.0,0.0,0,(),0.0,0.0
45415,,0.0,0.0,0.0,0,(),0.0,0.0
45420,,0.0,0.0,0.0,0,(),0.0,0.0
45425,,0.0,0.0,0.0,0,(),0.0,0.0
45430,,0.0,0.0,0.0,0,(),0.0,0.0
45435,,0.0,0.0,0.0,0,(),0.0,0.0
45440,,0.0,0.0,0.0,0,(),0.0,0.0
45445,,0.0,0.0,0.0,0,(),0.0,0.0
45450,,0.0,0.0,0.0,0,(),0.0,0.0
45455,,0.0,0.0,0.0,0,(),0.0,0.0
45460,,0.0,0.0,0.0,0,(),0.0,0.0
45465,,0.0,0.0,0.0,0,(),0.0,0.0
45470,,0.0,0.0,0.0,0,(),0.0,0.0
45475,,0.0,0.0,0.0,0,(),0.0,0.0
45480,,0.0,0.0,0.0,0,(),0.0,0.0
45485,,0.0,0.0,0.0,0,(),0.0,0.0
45490,,0.0,0.0,0.0,0,(),0.0,0.0
45495,,0.0,0.0,0.0,0,(),0.0,0.0
45500,,0.0,0.0,0.0,0,(),0.0,0.0
45505,,0.0,0.0,0.0,0,(),0.0,0.0
45510,,0.0,0.0,0.0,0,(),0.0,0.0
45515,,0.0,0.0,0.0,0,(),0.0,0.0
45520,,0.0,0.0,0.0,0,(),0.0,0.0
45525,,0.0,0.0,0.0,0,(),0.0,0.0
45530,,0.0,0.0,0.0,0,(),0.0,0.0
45535,,0.0,0.0,0.0,0,(),0.0,0.0
45540,,0.0,0.0,0.0,0,(),0.0,0.0
45545,,0.0,0.0,0.0,0,(),0.0,0.0
45550,,0.0,0.0,0.0,0,(),0.0,0.0
45555,,0.0,0.0,0.0,0,(),0.0,0.0
45560,,0.0,0.0,0.0,0,(),0.0,0.0
45565,,0.0,0.0,0.0,0,(),0.0,0.0
45570,,0.0,0.0,0.0,0,(),0.0,0.0
45575,,0.0,0.0,0.0,0,(),0.0,0.0
45580,,0.0,0.0,0.0,0,(),0.0,0.0
45585,,0.0,0.0,0.0,0,(),0.0,0.0
45590,,0.0,0.0,0.0,0,(),0.0,0.0
45595,,0.0,0.0,0.0,0,(),0.0,0.0
45600,,0.0,0.0,0.0,0,(),0.0,0.0
45605,,0.0,0.0,0.0,0,(),0.0,0.0
45610,,0.0,0.0,0.0,0,(),0.0,0.0
45615,,0.0,0.0,0.0,0,(),0.0,0.0
45620,,0.0,0.0,0.0,0,(),0.0,0.0
45625,,0.0,0.0,0.0,0,(),0.0,0.0
45630,,0.0,0.0,0.0,0,(),0.0,0.0
45635,,0.0,0.0,0.0,0,(),0.0,0.0
45640,,0.0,0.0,0.0,0,(),0.0,0.0
45645,,0.0,0.0,0.0,0,(),0.0,0.0
45650,,0.0,0.0,0.0,0,(),0.0,0.0
45655,,0.0,0.0,0.0,0,(),0.0,0.0
45660,,0.0,0.0,0.0,0,(),0.0,0.0
45665,,0.0,0.0,0.0,0,(),0.0,0.0
45670,,0.0,0.0,0.0,0,(),0.0,0.0
45675,,0.0,0.0,0.0,0,(),0.0,0.0
45680,,0.0,0.0,0.0,0,(),0.0,0.0
45685,,0.0,0.0,0.0,0,(),0.0,0.0
45690,,0.0,0.0,0.0,0,(),0.0,0.0
45695,,0.0,0.0,0.0,0,(),0.0,0.0
45700,,0.0,0.0,0.0,0,(),0.0,0.0
45705,,0.0,0.0,0.0,0,(),0.0,0.0
45710,,0.0,0.0,0.0,0,(),0.0,0.0
45715,,0.0,0.0,0.0,0,(),0.0,0.0
45720,,0.0,0.0,0.0,0,(),0.0,0.0
45725,,0.0,0.0,0.0,0,(),0.0,0.0
45730,,0.0,0.0,0.0,0,(),0.0,0.0
45735,,0.0,0.0,0.0,0,(),0.0,0.0
45740,,0.0,0.0,0.0,0,(),0.0,0.0
45745,,0.0,0.0,0.0,0,(),0.0,0.0
45750,,0.0,0.0,0.0,0,(),0.0,0.0
45755,,0.0,0.0,0.0,0,(),0.0,0.0
45760,,0.0,0.0,0.0,0,(),0.0,0.0
45765,,0.0,0.0,0.0,0,(),0.0,0.0
45770,,0.0,0.0,0.0,0,(),0.0,0.0
45775,,0.0,0.0,0.0,0,(),0.0,0.0
45780,,0.0,0.0,0.0,0,(),0.0,0.0
45785,,0.0,0.0,0.0,0,(),0.0,0.0
45790,,0.0,0.0,0.0,0,(),0.0,0.0
45795,,0.0,0.0,0.0,0,(),0.0,0.0
45800,,0.0,0.0,0.0,0,(),0.0,0.0
45805,,0.0,0.0,0.0,0,(),0.0,0.0
45810,,0.0,0.0,0.0,0,(),0.0,0.0
45815,,0.0,0.0,0.0,0,(),0.0,0.0
45820,,0.0,0.0,0.0,0,(),0.0,0.0
45825,,0.0,0.0,0.0,0,(),0.0,0.0
45830,,0.0,0.0,0.0,0,(),0.0,0.0
45835,,0.0,0.0,0.0,0,(),0.0,0.0
45840,,0.0,0.0,0.0,0,(),0.0,0.0
45845,,0.0,0.0,0.0,0,(),0.0,0.0
45850,,0.0,0.0,0.0,0,(),0.0,0.0
45855,,0.0,0.0,0.0,0,(),0.0,0.0
45860,,0.0,0.0,0.0,0,(),0.0,0.0
45865,,0.0,0.0,0.0,0,(),0.0,0.0
45870,,0.0,0.0,0.0,0,(),0.0,0.0
45875,,0.0,0.0,0.0,0,(),0.0,0.0
45880,,0.0,0.0,0.0,0,(),0.0,0.0
45885,,0.0,0.0,0.0,0,(),0.0,0.0
45890,,0.0,0.0,0.0,0,(),0.0,0.0
45895,,0.0,0.0,0.0,0,(),0.0,0.0
45900,,0.0,0.0,0.0,0,(),0.0,0.0
45905,,0.0,0.0,0.0,0,(),0.0,0.0
45910,,0.0,0.0,0.0,0,(),0.0,0.0
45915,,0.0,0.0,0.0,0,(),0.0,0.0
45920,,0.0,0.0,0.0,0,(),0.0,0.0
45925,,0.0,0.0,0.0,0,(),0.0,0.0
45930,,0.0,0.0,0.0,0,(),0.0,0.0
45935,,0.0,0.0,0.0,0,(),0.0,0.0
45940,,0.0,0.0,0.0,0,(),0.0,0.0
45945,,0.0,0.0,0.0,0,(),0.0,0.0
45950,,0.0,0.0,0.0,0,(),0.0,0.0
45955,,0.0,0.0,0.0,0,(),0.0,0.0
45960,,0.0,0.0,0.0,0,(),0.0,0.0
45965,,0.0,0.0,0.0,0,(),0.0,0.0
45970,,0.0,0.0,0.0,0,(),0.0,0.0
45975,,0.0,0.0,0.0,0,(),0.0,0.0
45980,,0.0,0.0,0.0,0,(),0.0,0.0
45985,,0.0,0.0,0.0,0,(),0.0,0.0
45990,,0.0,0.0,0.0,0,(),0.0,0.0
45995,,0.0,0.0,0.0,0,(),0.0,0.0
46000,,0.0,0.0,0.0,0,(),0.0,0.0
46005,,0.0,0.0,0.0,0,(),0.0,0.0
46010,,0.0,0.0,0.0,0,(),0.0,0.0
46015,,0.0,0.0,0.0,0,(),0.0,0.0
46020,,0.0,0.0,0.0,0,(),0.0,0.0
46025,,0.0,0.0,0.0,0,(),0.0,0.0
46030,,0.0,0.0,0.0,0,(),0.0,0.0
46035,,0.0,0.0,0.0,0,(),0.0,0.0
46040,,0.0,0.0,0.0,0,(),0.0,0.0
46045,,0.0,0.0,0.0,0,(),0.0,0.0
46050,,0.0,0.0,0.0,0,(),0.0,0.0
46055,,0.0,0.0,0.0,0,(),0.0,0.0
46060,,0.0,0.0,0.0,0,(),0.0,0.0
46065,,0.0,0.0,0.0,0,(),0.0,0.0
46070,,0.0,0.0,0.0,0,(),0.0,0.0
46075,,0.0,0.0,0.0,0,(),0.0,0.0
46080,,0.0,0.0,0.0,0,(),0.0,0.0
46085,,0.0,0.0,0.0,0,(),0.0,0.0
46090,,0.0,0.0,0.0,0,(),0.0,0.0
46095,,0.0,0.0,0.0,0,(),0.0,0.0
46100,,0.0,0.0,0.0,0,(),0.0,0.0
46105,,0.0,0.0,0.0,0,(),0.0,0.0
46110,,0.0,0.0,0.0,0,(),0.0,0.0
46115,,0.0,0.0,0.0,0,(),0.0,0.0
46120,,0.0,0.0,0.0,0,(),0.0,0.0
46125,,0.0,0.0,0.0,0,(),0.0,0.0
46130,,0.0,0.0,0.0,0,(),0.0,0.0
46135,,0.0,0.0,0.0,0,(),0.0,0.0
46140,,0.0,0.0,0.0,0,(),0.0,0.0
46145,,0.0,0.0,0.0,0,(),0.0,0.0
46150,,0.0,0.0,0.0,0,(),0.0,0.0
46155,,0.0,0.0,0.0,0,(),0.0,0.0
46160,,0.0,0.0,0.0,0,(),0.0,0.0
46165,,0.0,0.0,0.0,0,(),0.0,0.0
46170,,0.0,0.0,0.0,0,(),0.0,0.0
46175,,0.0,0.0,0.0,0,(),0.0,0.0
46180,,0.0,0.0,0.0,0,(),0.0,0.0
46185,,0.0,0.0,0.0,0,(),0.0,0.0
46190,,0.0,0.0,0.0,0,(),0.0,0.0
46195,,0.0,0.0,0.0,0,(),0.0,0.0
46200,,0.0,0.0,0.0,0,(),0.0,0.0
46205,,0.0,0.0,0.0,0,(),0.0,0.0
46210,,0.0,0.0,0.0,0,(),0.0,0.0
46215,,0.0,0.0,0.0,0,(),0.0,0.0
46220,,0.0,0.0,0.0,0,(),0.0,0.0
46225,,0.0,0.0,0.0,0,(),0.0,0.0
46230,,0.0,0.0,0.0,0,(),0.0,0.0
46235,,0.0,0.0,0.0,0,(),0.0,0.0
46240,,0.0,0.0,0.0,0,(),0.0,0.0
46245,,0.0,0.0,0.0,0,(),0.0,0.0
46250,,0.0,0.0,0.0,0,(),0.0,0.0
46255,,0.0,0.0,0.0,0,(),0.0,0.0
46260,,0.0,0.0,0.0,0,(),0.0,0.0
46265,,0.0,0.0,0.0,0,(),0.0,0.0
46270,,0.0,0.0,0.0,0,(),0.0,0.0
46275,,0.0,0.0,0.0,0,(),0.0,0.0
46280,,0.0,0.0,0.0,0,(),0.0,0.0
46285,,0.0,0.0,0.0,0,(),0.0,0.0
46290,,0.0,0.0,0.0,0,(),0.0,0.0
46295,,0.0,0.0,0.0,0,(),0.0,0.0
46300,,0.0,0.0,0.0,0,(),0.0,0.0
46305,,0.0,0.0,0.0,0,(),0.0,0.0
46310,,0.0,0.0,0.0,0,(),0.0,0.0
46315,,0.0,0.0,0.0,0,(),0.0,0.0
46320,,0.0,0.0,0.0,0,(),0.0,0.0
46325,,0.0,0.0,0.0,0,(),0.0,0.0
46330,,0.0,0.0,0.0,0,(),0.0,0.0
46335,,0.0,0.0,0.0,0,(),0.0,0.0
46340,,0.0,0.0,0.0,0,(),0.0,0.0
46345,,0.0,0.0,0.0,0,(),0.0,0.0
46350,,0.0,0.0,0.0,0,(),0.0,0.0
46355,,0.0,0.0,0.0,0,(),0.0,0.0
46360,,0.0,0.0,0.0,0,(),0.0,0.0
46365,,0.0,0.0,0.0,0,(),0.0,0.0
46370,,0.0,0.0,0.0,0,(),0.0,0.0
46375,,0.0,0.0,0.0,0,(),0.0,0.0
46380,,0.0,0.0,0.0,0,(),0.0,0.0
46385,,0.0,0.0,0.0,0,(),0.0,0.0
46390,,0.0,0.0,0.0,0,(),0.0,0.0
46395,,0.0,0.0,0.0,0,(),0.0,0.0
46400,,0.0,0.0,0.0,0,(),0.0,0.0
46405,,0.0,0.0,0.0,0,(),0.0,0.0
46410,,0.0,0.0,0.0,0,(),0.0,0.0
46415,,0.0,0.0,0.0,0,(),0.0,0.0
46420,,0.0,0.0,0.0,0,(),0.0,0.0
46425,,0.0,0.0,0.0,0,(),0.0,0.0
46430,,0.0,0.0,0.0,0,(),0.0,0.0
46435,,0.0,0.0,0.0,0,(),0.0,0.0
46440,,0.0,0.0,0.0,0,(),0.0,0.0
46445,,0.0,0.0,0.0,0,(),0.0,0.0
46450,,0.0,0.0,0.0,0,(),0.0,0.0
46455,,0.0,0.0,0.0,0,(),0.0,0.0
46460,,0.0,0.0,0.0,0,(),0.0,0.0
46465,,0.0,0.0,0.0,0,(),0.0,0.0
46470,,0.0,0.0,0.0,0,(),0.0,0.0
46475,,0.0,0.0,0.0,0,(),0.0,0.0
46480,,0.0,0.0,0.0,0,(),0.0,0.0
46485,,0.0,0.0,0.0,0,(),0.0,0.0
46490,,0.0,0.0,0.0,0,(),0.0,0.0
46495,,0.0,0.0,0.0,0,(),0.0,0.0
46500,,0.0,0.0,0.0,0,(),0.0,0.0
46505,,0.0,0.0,0.0,0,(),0.0,0.0
46510,,0.0,0.0,0.0,0,(),0.0,0.0
46515,,0.0,0.0,0.0,0,(),0.0,0.0
46520,,0.0,0.0,0.0,0,(),0.0,0.0
46525,,0.0,0.0,0.0,0,(),0.0,0.0
46530,,0.0,0.0,0.0,0,(),0.0,0.0
46535,,0.0,0.0,0.0,0,(),0.0,0.0
46540,,0.0,0.0,0.0,0,(),0.0,0.0
46545,,0.0,0.0,0.0,0,(),0.0,0.0
46550,,0.0,0.0,0.0,0,(),0.0,0.0
46555,,0.0,0.0,0.0,0,(),0.0,0.0
46560,,0.0,0.0,0.0,0,(),0.0,0.0
46565,,0.0,0.0,0.0,0,(),0.0,0.0
46570,,0.0,0.0,0.0,0,(),0.0,0.0
46575,,0.0,0.0,0.0,0,(),0.0,0.0
46580,,0.0,0.0,0.0,0,(),0.0,0.0
46585,,0.0,0.0,0.0,0,(),0.0,0.0
46590,,0.0,0.0,0.0,0,(),0.0,0.0
46595,,0.0,0.0,0.0,0,(),0.0,0.0
46600,,0.0,0.0,0.0,0,(),0.0,0.0
46605,,0.0,0.0,0.0,0,(),0.0,0.0
46610,,0.0,0.0,0.0,0,(),0.0,0.0
46615,,0.0,0.0,0.0,0,(),0.0,0.0
46620,,0.0,0.0,0.0,0,(),0.0,0.0
46625,,0.0,0.0,0.0,0,(),0.0,0.0
46630,,0.0,0.0,0.0,0,(),0.0,0.0
46635,,0.0,0.0,0.0,0,(),0.0,0.0
46640,,0.0,0.0,0.0,0,(),0.0,0.0
46645,,0.0,0.0,0.0,0,(),0.0,0.0
46650,,0.0,0.0,0.0,0,(),0.0,0.0
46655,,0.0,0.0,0.0,0,(),0.0,0.0
46660,,0.0,0.0,0.0,0,(),0.0,0.0
46665,,0.0,0.0,0.0,0,(),0.0,0.0
46670,,0.0,0.0,0.0,0,(),0.0,0.0
46675,,0.0,0.0,0.0,0,(),0.0,0.0
46680,,0.0,0.0,0.0,0,(),0.0,0.0
46685,,0.0,0.0,0.0,0,(),0.0,0.0
46690,,0.0,0.0,0.0,0,(),0.0,0.0
46695,,0.0,0.0,0.0,0,(),0.0,0.0
46700,,0.0,0.0,0.0,0,(),0.0,0.0
46705,,0.0,0.0,0.0,0,(),0.0,0.0
46710,,0.0,0.0,0.0,0,(),0.0,0.0
46715,,0.0,0.0,0.0,0,(),0.0,0.0
46720,,0.0,0.0,0.0,0,(),0.0,0.0
46725,,0.0,0.0,0.0,0,(),0.0,0.0
46730,,0.0,0.0,0.0,0,(),0.0,0.0
46735,,0.0,0.0,0.0,0,(),0.0,0.0
46740,,0.0,0.0,0.0,0,(),0.0,0.0
46745,,0.0,0.0,0.0,0,(),0.0,0.0
46750,,0.0,0.0,0.0,0,(),0.0,0.0
46755,,0.0,0.0,0.0,0,(),0.0,0.0
46760,,0.0,0.0,0.0,0,(),0.0,0.0
46765,,0.0,0.0,0.0,0,(),0.0,0.0
46770,,0.0,0.0,0.0,0,(),0.0,0.0
46775,,0.0,0.0,0.0,0,(),0.0,0.0
46780,,0.0,0.0,0.0,0,(),0.0,0.0
46785,,0.0,0.0,0.0,0,(),0.0,0.0
46790,,0.0,0.0,0.0,0,(),0.0,0.0
46795,,0.0,0.0,0.0,0,(),0.0,0.0
46800,,0.0,0.0,0.0,0,(),0.0,0.0
46805,,0.0,0.0,0.0,0,(),0.0,0.0
46810,,0.0,0.0,0.0,0,(),0.0,0.0
46815,,0.0,0.0,0.0,0,(),0.0,0.0
46820,,0.0,0.0,0.0,0,(),0.0,0.0
46825,,0.0,0.0,0.0,0,(),0.0,0.0
46830,,0.0,0.0,0.0,0,(),0.0,0.0
46835,,0.0,0.0,0.0,0,(),0.0,0.0
46840,,0.0,0.0,0.0,0,(),0.0,0.0
46845,,0.0,0.0,0.0,0,(),0.0,0.0
46850,,0.0,0.0,0.0,0,(),0.0,0.0
46855,,0.0,0.0,0.0,0,(),0.0,0.0
46860,,0.0,0.0,0.0,0,(),0.0,0.0
46865,,0.0,0.0,0.0,0,(),0.0,0.0
46870,,0.0,0.0,0.0,0,(),0.0,0.0
46875,,0.0,0.0,0.0,0,(),0.0,0.0
46880,,0.0,0.0,0.0,0,(),0.0,0.0
46885,,0.0,0.0,0.0,0,(),0.0,0.0
46890,,0.0,0.0,0.0,0,(),0.0,0.0
46895,,0.0,0.0,0.0,0,(),0.0,0.0
46900,,0.0,0.0,0.0,0,(),0.0,0.0
46905,,0.0,0.0,0.0,0,(),0.0,0.0
46910,,0.0,0.0,0.0,0,(),0.0,0.0
46915,,0.0,0.0,0.0,0,(),0.0,0.0
46920,,0.0,0.0,0.0,0,(),0.0,0.0
46925,,0.0,0.0,0.0,0,(),0.0,0.0
46930,,0.0,0.0,0.0,0,(),0.0,0.0
46935,,0.0,0.0,0.0,0,(),0.0,0.0
46940,,0.0,0.0,0.0,0,(),0.0,0.0
46945,,0.0,0.0,0.0,0,(),0.0,0.0
46950,,0.0,0.0,0.0,0,(),0.0,0.0
46955,,0.0,0.0,0.0,0,(),0.0,0.0
46960,,0.0,0.0,0.0,0,(),0.0,0.0
46965,,0.0,0.0,0.0,0,(),0.0,0.0
46970,,0.0,0.0,0.0,0,(),0.0,0.0
46975,,0.0,0.0,0.0,0,(),0.0,0.0
46980,,0.0,0.0,0.0,0,(),0.0,0.0
46985,,0.0,0.0,0.0,0,(),0.0,0.0
46990,,0.0,0.0,0.0,0,(),0.0,0.0
46995,,0.0,0.0,0.0,0,(),0.0,0.0
47000,,0.0,0.0,0.0,0,(),0.0,0.0
47005,,0.0,0.0,0.0,0,(),0.0,0.0
47010,,0.0,0.0,0.0,0,(),0.0,0.0
47015,,0.0,0.0,0.0,0,(),0.0,0.0
47020,,0.0,0.0,0.0,0,(),0.0,0.0
47025,,0.0,0.0,0.0,0,(),0.0,0.0
47030,,0.0,0.0,0.0,0,(),0.0,0.0
47035,,0.0,0.0,0.0,0,(),0.0,0.0
47040,,0.0,0.0,0.0,0,(),0.0,0.0
47045,,0.0,0.0,0.0,0,(),0.0,0.0
47050,,0.0,0.0,0.0,0,(),0.0,0.0
47055,,0.0,0.0,0.0,0,(),0.0,0.0
47060,,0.0,0.0,0.0,0,(),0.0,0.0
47065,,0.0,0.0,0.0,0,(),0.0,0.0
47070,,0.0,0.0,0.0,0,(),0.0,0.0
47075,,0.0,0.0,0.0,0,(),0.0,0.0
47080,,0.0,0.0,0.0,0,(),0.0,0.0
47085,,0.0,0.0,0.0,0,(),0.0,0.0
47090,,0.0,0.0,0.0,0,(),0.0,0.0
47095,,0.0,0.0,0.0,0,(),0.0,0.0
47100,,0.0,0.0,0.0,0,(),0.0,0.0
47105,,0.0,0.0,0.0,0,(),0.0,0.0
47110,,0.0,0.0,0.0,0,(),0.0,0.0
47115,,0.0,0.0,0.0,0,(),0.0,0.0
47120,,0.0,0.0,0.0,0,(),0.0,0.0
47125,,0.0,0.0,0.0,0,(),0.0,0.0
47130,,0.0,0.0,0.0,0,(),0.0,0.0
47135,,0.0,0.0,0.0,0,(),0.0,0.0
47140,,0.0,0.0,0.0,0,(),0.0,0.0
47145,,0.0,0.0,0.0,0,(),0.0,0.0
47150,,0.0,0.0,0.0,0,(),0.0,0.0
47155,,0.0,0.0,0.0,0,(),0.0,0.0
47160,,0.0,0.0,0.0,0,(),0.0,0.0
47165,,0.0,0.0,0.0,0,(),0.0,0.0
47170,,0.0,0.0,0.0,0,(),0.0,0.0
47175,,0.0,0.0,0.0,0,(),0.0,0.0
47180,,0.0,0.0,0.0,0,(),0.0,0.0
47185,,0.0,0.0,0.0,0,(),0.0,0.0
47190,,0.0,0.0,0.0,0,(),0.0,0.0
47195,,0.0,0.0,0.0,0,(),0.0,0.0
47200,,0.0,0.0,0.0,0,(),0.0,0.0
47205,,0.0,0.0,0.0,0,(),0.0,0.0
47210,,0.0,0.0,0.0,0,(),0.0,0.0
47215,,0.0,0.0,0.0,0,(),0.0,0.0
47220,,0.0,0.0,0.0,0,(),0.0,0.0
47225,,0.0,0.0,0.0,0,(),0.0,0.0
47230,,0.0,0.0,0.0,0,(),0.0,0.0
47235,,0.0,0.0,0.0,0,(),0.0,0.0
47240,,0.0,0.0,0.0,0,(),0.0,0.0
47245,,0.0,0.0,0.0,0,(),0.0,0.0
47250,,0.0,0.0,0.0,0,(),0.0,0.0
47255,,0.0,0.0,0.0,0,(),0.0,0.0
47260,,0.0,0.0,0.0,0,(),0.0,0.0
47265,,0.0,0.0,0.0,0,(),0.0,0.0
47270,,0.0,0.0,0.0,0,(),0.0,0.0
47275,,0.0,0.0,0.0,0,(),0.0,0.0
47280,,0.0,0.0,0.0,0,(),0.0,0.0
47285,,0.0,0.0,0.0,0,(),0.0,0.0
47290,,0.0,0.0,0.0,0,(),0.0,0.0
47295,,0.0,0.0,0.0,0,(),0.0,0.0
47300,,0.0,0.0,0.0,0,(),0.0,0.0
47305,,0.0,0.0,0.0,0,(),0.0,0.0
47310,,0.0,0.0,0.0,0,(),0.0,0.0
47315,,0.0,0.0,0.0,0,(),0.0,0.0
47320,,0.0,0.0,0.0,0,(),0.0,0.0
47325,,0.0,0.0,0.0,0,(),0.0,0.0
47330,,0.0,0.0,0.0,0,(),0.0,0.0
47335,,0.0,0.0,0.0,0,(),0.0,0.0
47340,,0.0,0.0,0.0,0,(),0.0,0.0
47345,,0.0,0.0,0.0,0,(),0.0,0.0
47350,,0.0,0.0,0.0,0,(),0.0,0.0
47355,,0.0,0.0,0.0,0,(),0.0,0.0
47360,,0.0,0.0,0.0,0,(),0.0,0.0
47365,,0.0,0.0,0.0,0,(),0.0,0.0
47370,,0.0,0.0,0.0,0,(),0.0,0.0
47375,,0.0,0.0,0.0,0,(),0.0,0.0
47380,,0.0,0.0,0.0,0,(),0.0,0.0
47385,,0.0,0.0,0.0,0,(),0.0,0.0
47390,,0.0,0.0,0.0,0,(),0.0,0.0
47395,,0.0,0.0,0.0,0,(),0.0,0.0
47400,,0.0,0.0,0.0,0,(),0.0,0.0
47405,,0.0,0.0,0.0,0,(),0.0,0.0
47410,,0.0,0.0,0.0,0,(),0.0,0.0
47415,,0.0,0.0,0.0,0,(),0.0,0.0
47420,,0.0,0.0,0.0,0,(),0.0,0.0
47425,,0.0,0.0,0.0,0,(),0.0,0.0
47430,,0.0,0.0,0.0,0,(),0.0,0.0
47435,,0.0,0.0,0.0,0,(),0.0,0.0
47440,,0.0,0.0,0.0,0,(),0.0,0.0
47445,,0.0,0.0,0.0,0,(),0.0,0.0
47450,,0.0,0.0,0.0,0,(),0.0,0.0
47455,,0.0,0.0,0.0,0,(),0.0,0.0
47460,,0.0,0.0,0.0,0,(),0.0,0.0
47465,,0.0,0.0,0.0,0,(),0.0,0.0
47470,,0.0,0.0,0.0,0,(),0.0,0.0
47475,,0.0,0.0,0.0,0,(),0.0,0.0
47480,,0.0,0.0,0.0,0,(),0.0,0.0
47485,,0.0,0.0,0.0,0,(),0.0,0.0
47490,,0.0,0.0,0.0,0,(),0.0,0.0
47495,,0.0,0.0,0.0,0,(),0.0,0.0
47500,,0.0,0.0,0.0,0,(),0.0,0.0
47505,,0.0,0.0,0.0,0,(),0.0,0.0
47510,,0.0,0.0,0.0,0,(),0.0,0.0
47515,,0.0,0.0,0.0,0,(),0.0,0.0
47520,,0.0,0.0,0.0,0,(),0.0,0.0
47525,,0.0,0.0,0.0,0,(),0.0,0.0
47530,,0.0,0.0,0.0,0,(),0.0,0.0
47535,,0.0,0.0,0.0,0,(),0.0,0.0
47540,,0.0,0.0,0.0,0,(),0.0,0.0
47545,,0.0,0.0,0.0,0,(),0.0,0.0
47550,,0.0,0.0,0.0,0,(),0.0,0.0
47555,,0.0,0.0,0.0,0,(),0.0,0.0
47560,,0.0,0.0,0.0,0,(),0.0,0.0
47565,,0.0,0.0,0.0,0,(),0.0,0.0
47570,,0.0,0.0,0.0,0,(),0.0,0.0
47575,,0.0,0.0,0.0,0,(),0.0,0.0
47580,,0.0,0.0,0.0,0,(),0.0,0.0
47585,,0.0,0.0,0.0,0,(),0.0,0.0
47590,,0.0,0.0,0.0,0,(),0.0,0.0
47595,,0.0,0.0,0.0,0,(),0.0,0.0
47600,,0.0,0.0,0.0,0,(),0.0,0.0
47605,,0.0,0.0,0.0,0,(),0.0,0.0
47610,,0.0,0.0,0.0,0,(),0.0,0.0
47615,,0.0,0.0,0.0,0,(),0.0,0.0
47620,,0.0,0.0,0.0,0,(),0.0,0.0
47625,,0.0,0.0,0.0,0,(),0.0,0.0
47630,,0.0,0.0,0.0,0,(),0.0,0.0
47635,,0.0,0.0,0.0,0,(),0.0,0.0
47640,,0.0,0.0,0.0,0,(),0.0,0.0
47645,,0.0,0.0,0.0,0,(),0.0,0.0
47650,,0.0,0.0,0.0,0,(),0.0,0.0
47655,,0.0,0.0,0.0,0,(),0.0,0.0
47660,,0.0,0.0,0.0,0,(),0.0,0.0
47665,,0.0,0.0,0.0,0,(),0.0,0.0
47670,,0.0,0.0,0.0,0,(),0.0,0.0
47675,,0.0,0.0,0.0,0,(),0.0,0.0
47680,,0.0,0.0,0.0,0,(),0.0,0.0
47685,,0.0,0.0,0.0,0,(),0.0,0.0
47690,,0.0,0.0,0.0,0,(),0.0,0.0
47695,,0.0,0.0,0.0,0,(),0.0,0.0
47700,,0.0,0.0,0.0,0,(),0.0,0.0
47705,,0.0,0.0,0.0,0,(),0.0,0.0
47710,,0.0,0.0,0.0,0,(),0.0,0.0
47715,,0.0,0.0,0.0,0,(),0.0,0.0
47720,,0.0,0.0,0.0,0,(),0.0,0.0
47725,,0.0,0.0,0.0,0,(),0.0,0.0
47730,,0.0,0.0,0.0,0,(),0.0,0.0
47735,,0.0,0.0,0.0,0,(),0.0,0.0
47740,,0.0,0.0,0.0,0,(),0.0,0.0
47745,,0.0,0.0,0.0,0,(),0.0,0.0
47750,,0.0,0.0,0.0,0,(),0.0,0.0
47755,,0.0,0.0,0.0,0,(),0.0,0.0
47760,,0.0,0.0,0.0,0,(),0.0,0.0
47765,,0.0,0.0,0.0,0,(),0.0,0.0
47770,,0.0,0.0,0.0,0,(),0.0,0.0
47775,,0.0,0.0,0.0,0,(),0.0,0.0
47780,,0.0,0.0,0.0,0,(),0.0,0.0
47785,,0.0,0.0,0.0,0,(),0.0,0.0
47790,,0.0,0.0,0.0,0,(),0.0,0.0
47795,,0.0,0.0,0.0,0,(),0.0,0.0
47800,,0.0,0.0,0.0,0,(),0.0,0.0
47805,,0.0,0.0,0.0,0,(),0.0,0.0
47810,,0.0,0.0,0.0,0,(),0.0,0.0
47815,,0.0,0.0,0.0,0,(),0.0,0.0
47820,,0.0,0.0,0.0,0,(),0.0,0.0
47825,,0.0,0.0,0.0,0,(),0.0,0.0
47830,,0.0,0.0,0.0,0,(),0.0,0.0
47835,,0.0,0.0,0.0,0,(),0.0,0.0
47840,,0.0,0.0,0.0,0,(),0.0,0.0
47845,,0.0,0.0,0.0,0,(),0.0,0.0
47850,,0.0,0.0,0.0,0,(),0.0,0.0
47855,,0.0,0.0,0.0,0,(),0.0,0.0
47860,,0.0,0.0,0.0,0,(),0.0,0.0
47865,,0.0,0.0,0.0,0,(),0.0,0.0
47870,,0.0,0.0,0.0,0,(),0.0,0.0
47875,,0.0,0.0,0.0,0,(),0.0,0.0
47880,,0.0,0.0,0.0,0,(),0.0,0.0
47885,,0.0,0.0,0.0,0,(),0.0,0.0
47890,,0.0,0.0,0.0,0,(),0.0,0.0
47895,,0.0,0.0,0.0,0,(),0.0,0.0
47900,,0.0,0.0,0.0,0,(),0.0,0.0
47905,,0.0,0.0,0.0,0,(),0.0,0.0
47910,,0.0,0.0,0.0,0,(),0.0,0.0
47915,,0.0,0.0,0.0,0,(),0.0,0.0
47920,,0.0,0.0,0.0,0,(),0.0,0.0
47925,,0.0,0.0,0.0,0,(),0.0,0.0
47930,,0.0,0.0,0.0,0,(),0.0,0.0
47935,,0.0,0.0,0.0,0,(),0.0,0.0
47940,,0.0,0.0,0.0,0,(),0.0,0.0
47945,,0.0,0.0,0.0,0,(),0.0,0.0
47950,,0.0,0.0,0.0,0,(),0.0,0.0
47955,,0.0,0.0,0.0,0,(),0.0,0.0
47960,,0.0,0.0,0.0,0,(),0.0,0.0
47965,,0.0,0.0,0.0,0,(),0.0,0.0
47970,,0.0,0.0,0.0,0,(),0.0,0.0
47975,,0.0,0.0,0.0,0,(),0.0,0.0
47980,,0.0,0.0,0.0,0,(),0.0,0.0
47985,,0.0,0.0,0.0,0,(),0.0,0.0
47990,,0.0,0.0,0.0,0,(),0.0,0.0
47995,,0.0,0.0,0.0,0,(),0.0,0.0
48000,,0.0,0.0,0.0,0,(),0.0,0.0
48005,,0.0,0.0,0.0,0,(),0.0,0.0
48010,,0.0,0.0,0.0,0,(),0.0,0.0
48015,,0.0,0.0,0.0,0,(),0.0,0.0
48020,,0.0,0.0,0.0,0,(),0.0,0.0
48025,,0.0,0.0,0.0,0,(),0.0,0.0
48030,,0.0,0.0,0.0,0,(),0.0,0.0
48035,,0.0,0.0,0.0,0,(),0.0,0.0
48040,,0.0,0.0,0.0,0,(),0.0,0.0
48045,,0.0,0.0,0.0,0,(),0.0,0.0
48050,,0.0,0.0,0.0,0,(),0.0,0.0
48055,,0.0,0.0,0.0,0,(),0.0,0.0
48060,,0.0,0.0,0.0,0,(),0.0,0.0
48065,,0.0,0.0,0.0,0,(),0.0,0.0
48070,,0.0,0.0,0.0,0,(),0.0,0.0
48075,,0.0,0.0,0.0,0,(),0.0,0.0
48080,,0.0,0.0,0.0,0,(),0.0,0.0
48085,,0.0,0.0,0.0,0,(),0.0,0.0
48090,,0.0,0.0,0.0,0,(),0.0,0.0
48095,,0.0,0.0,0.0,0,(),0.0,0.0
48100,,0.0,0.0,0.0,0,(),0.0,0.0
48105,,0.0,0.0,0.0,0,(),0.0,0.0
48110,,0.0,0.0,0.0,0,(),0.0,0.0
48115,,0.0,0.0,0.0,0,(),0.0,0.0
48120,,0.0,0.0,0.0,0,(),0.0,0.0
48125,,0.0,0.0,0.0,0,(),0.0,0.0
48130,,0.0,0.0,0.0,0,(),0.0,0.0
48135,,0.0,0.0,0.0,0,(),0.0,0.0
48140,,0.0,0.0,0.0,0,(),0.0,0.0
48145,,0.0,0.0,0.0,0,(),0.0,0.0
48150,,0.0,0.0,0.0,0,(),0.0,0.0
48155,,0.0,0.0,0.0,0,(),0.0,0.0
48160,,0.0,0.0,0.0,0,(),0.0,0.0
48165,,0.0,0.0,0.0,0,(),0.0,0.0
48170,,0.0,0.0,0.0,0,(),0.0,0.0
48175,,0.0,0.0,0.0,0,(),0.0,0.0
48180,,0.0,0.0,0.0,0,(),0.0,0.0
48185,,0.0,0.0,0.0,0,(),0.0,0.0
48190,,0.0,0.0,0.0,0,(),0.0,0.0
48195,,0.0,0.0,0.0,0,(),0.0,0.0
48200,,0.0,0.0,0.0,0,(),0.0,0.0
48205,,0.0,0.0,0.0,0,(),0.0,0.0
48210,,0.0,0.0,0.0,0,(),0.0,0.0
48215,,0.0,0.0,0.0,0,(),0.0,0.0
48220,,0.0,0.0,0.0,0,(),0.0,0.0
48225,,0.0,0.0,0.0,0,(),0.0,0.0
48230,,0.0,0.0,0.0,0,(),0.0,0.0
48235,,0.0,0.0,0.0,0,(),0.0,0.0
48240,,0.0,0.0,0.0,0,(),0.0,0.0
48245,,0.0,0.0,0.0,0,(),0.0,0.0
48250,,0.0,0.0,0.0,0,(),0.0,0.0
48255,,0.0,0.0,0.0,0,(),0.0,0.0
48260,,0.0,0.0,0.0,0,(),0.0,0.0
48265,,0.0,0.0,0.0,0,(),0.0,0.0
48270,,0.0,0.0,0.0,0,(),0.0,0.0
48275,,0.0,0.0,0.0,0,(),0.0,0.0
48280,,0.0,0.0,0.0,0,(),0.0,0.0
48285,,0.0,0.0,0.0,0,(),0.0,0.0
48290,,0.0,0.0,0.0,0,(),0.0,0.0
48295,,0.0,0.0,0.0,0,(),0.0,0.0
48300,,0.0,0.0,0.0,0,(),0.0,0.0
48305,,0.0,0.0,0.0,0,(),0.0,0.0
48310,,0.0,0.0,0.0,0,(),0.0,0.0
48315,,0.0,0.0,0.0,0,(),0.0,0.0
48320,,0.0,0.0,0.0,0,(),0.0,0.0
48325,,0.0,0.0,0.0,0,(),0.0,0.0
48330,,0.0,0.0,0.0,0,(),0.0,0.0
48335,,0.0,0.0,0.0,0,(),0.0,0.0
48340,,0.0,0.0,0.0,0,(),0.0,0.0
48345,,0.0,0.0,0.0,0,(),0.0,0.0
48350,,0.0,0.0,0.0,0,(),0.0,0.0
48355,,0.0,0.0,0.0,0,(),0.0,0.0
48360,,0.0,0.0,0.0,0,(),0.0,0.0
48365,,0.0,0.0,0.0,0,(),0.0,0.0
48370,,0.0,0.0,0.0,0,(),0.0,0.0
48375,,0.0,0.0,0.0,0,(),0.0,0.0
48380,,0.0,0.0,0.0,0,(),0.0,0.0
48385,,0.0,0.0,0.0,0,(),0.0,0.0
48390,,0.0,0.0,0.0,0,(),0.0,0.0
48395,,0.0,0.0,0.0,0,(),0.0,0.0
48400,,0.0,0.0,0.0,0,(),0.0,0.0
48405,,0.0,0.0,0.0,0,(),0.0,0.0
48410,,0.0,0.0,0.0,0,(),0.0,0.0
48415,,0.0,0.0,0.0,0,(),0.0,0.0
48420,,0.0,0.0,0.0,0,(),0.0,0.0
48425,,0.0,0.0,0.0,0,(),0.0,0.0
48430,,0.0,0.0,0.0,0,(),0.0,0.0
48435,,0.0,0.0,0.0,0,(),0.0,0.0
48440,,0.0,0.0,0.0,0,(),0.0,0.0
48445,,0.0,0.0,0.0,0,(),0.0,0.0
48450,,0.0,0.0,0.0,0,(),0.0,0.0
48455,,0.0,0.0,0.0,0,(),0.0,0.0
48460,,0.0,0.0,0.0,0,(),0.0,0.0
48465,,0.0,0.0,0.0,0,(),0.0,0.0
48470,,0.0,0.0,0.0,0,(),0.0,0.0
48475,,0.0,0.0,0.0,0,(),0.0,0.0
48480,,0.0,0.0,0.0,0,(),0.0,0.0
48485,,0.0,0.0,0.0,0,(),0.0,0.0
48490,,0.0,0.0,0.0,0,(),0.0,0.0
48495,,0.0,0.0,0.0,0,(),0.0,0.0
48500,,0.0,0.0,0.0,0,(),0.0,0.0
48505,,0.0,0.0,0.0,0,(),0.0,0.0
48510,,0.0,0.0,0.0,0,(),0.0,0.0
48515,,0.0,0.0,0.0,0,(),0.0,0.0
48520,,0.0,0.0,0.0,0,(),0.0,0.0
48525,,0.0,0.0,0.0,0,(),0.0,0.0
48530,,0.0,0.0,0.0,0,(),0.0,0.0
48535,,0.0,0.0,0.0,0,(),0.0,0.0
48540,,0.0,0.0,0.0,0,(),0.0,0.0
48545,,0.0,0.0,0.0,0,(),0.0,0.0
48550,,0.0,0.0,0.0,0,(),0.0,0.0
48555,,0.0,0.0,0.0,0,(),0.0,0.0
48560,,0.0,0.0,0.0,0,(),0.0,0.0
48565,,0.0,0.0,0.0,0,(),0.0,0.0
48570,,0.0,0.0,0.0,0,(),0.0,0.0
48575,,0.0,0.0,0.0,0,(),0.0,0.0
48580,,0.0,0.0,0.0,0,(),0.0,0.0
48585,,0.0,0.0,0.0,0,(),0.0,0.0
48590,,0.0,0.0,0.0,0,(),0.0,0.0
48595,,0.0,0.0,0.0,0,(),0.0,0.0
48600,,0.0,0.0,0.0,0,(),0.0,0.0
48605,,0.0,0.0,0.0,0,(),0.0,0.0
48610,,0.0,0.0,0.0,0,(),0.0,0.0
48615,,0.0,0.0,0.0,0,(),0.0,0.0
48620,,0.0,0.0,0.0,0,(),0.0,0.0
48625,,0.0,0.0,0.0,0,(),0.0,0.0
48630,,0.0,0.0,0.0,0,(),0.0,0.0
48635,,0.0,0.0,0.0,0,(),0.0,0.0
48640,,0.0,0.0,0.0,0,(),0.0,0.0
48645,,0.0,0.0,0.0,0,(),0.0,0.0
48650,,0.0,0.0,0.0,0,(),0.0,0.0
48655,,0.0,0.0,0.0,0,(),0.0,0.0
48660,,0.0,0.0,0.0,0,(),0.0,0.0
48665,,0.0,0.0,0.0,0,(),0.0,0.0
48670,,0.0,0.0,0.0,0,(),0.0,0.0
48675,,0.0,0.0,0.0,0,(),0.0,0.0
48680,,0.0,0.0,0.0,0,(),0.0,0.0
48685,,0.0,0.0,0.0,0,(),0.0,0.0
48690,,0.0,0.0,0.0,0,(),0.0,0.0
48695,,0.0,0.0,0.0,0,(),0.0,0.0
48700,,0.0,0.0,0.0,0,(),0.0,0.0
48705,,0.0,0.0,0.0,0,(),0.0,0.0
48710,,0.0,0.0,0.0,0,(),0.0,0.0
48715,,0.0,0.0,0.0,0,(),0.0,0.0
48720,,0.0,0.0,0.0,0,(),0.0,0.0
48725,,0.0,0.0,0.0,0,(),0.0,0.0
48730,,0.0,0.0,0.0,0,(),0.0,0.0
48735,,0.0,0.0,0.0,0,(),0.0,0.0
48740,,0.0,0.0,0.0,0,(),0.0,0.0
48745,,0.0,0.0,0.0,0,(),0.0,0.0
48750,,0.0,0.0,0.0,0,(),0.0,0.0
48755,,0.0,0.0,0.0,0,(),0.0,0.0
48760,,0.0,0.0,0.0,0,(),0.0,0.0
48765,,0.0,0.0,0.0,0,(),0.0,0.0
48770,,0.0,0.0,0.0,0,(),0.0,0.0
48775,,0.0,0.0,0.0,0,(),0.0,0.0
48780,,0.0,0.0,0.0,0,(),0.0,0.0
48785,,0.0,0.0,0.0,0,(),0.0,0.0
48790,,0.0,0.0,0.0,0,(),0.0,0.0
48795,,0.0,0.0,0.0,0,(),0.0,0.0
48800,,0.0,0.0,0.0,0,(),0.0,0.0
48805,,0.0,0.0,0.0,0,(),0.0,0.0
48810,,0.0,0.0,0.0,0,(),0.0,0.0
48815,,0.0,0.0,0.0,0,(),0.0,0.0
48820,,0.0,0.0,0.0,0,(),0.0,0.0
48825,,0.0,0.0,0.0,0,(),0.0,0.0
48830,,0.0,0.0,0.0,0,(),0.0,0.0
48835,,0.0,0.0,0.0,0,(),0.0,0.0
48840,,0.0,0.0,0.0,0,(),0.0,0.0
48845,,0.0,0.0,0.0,0,(),0.0,0.0
48850,,0.0,0.0,0.0,0,(),0.0,0.0
48855,,0.0,0.0,0.0,0,(),0.0,0.0
48860,,0.0,0.0,0.0,0,(),0.0,0.0
48865,,0.0,0.0,0.0,0,(),0.0,0.0
48870,,0.0,0.0,0.0,0,(),0.0,0.0
48875,,0.0,0.0,0.0,0,(),0.0,0.0
48880,,0.0,0.0,0.0,0,(),0.0,0.0
48885,,0.0,0.0,0.0,0,(),0.0,0.0
48890,,0.0,0.0,0.0,0,(),0.0,0.0
48895,,0.0,0.0,0.0,0,(),0.0,0.0
48900,,0.0,0.0,0.0,0,(),0.0,0.0
48905,,0.0,0.0,0.0,0,(),0.0,0.0
48910,,0.0,0.0,0.0,0,(),0.0,0.0
48915,,0.0,0.0,0.0,0,(),0.0,0.0
48920,,0.0,0.0,0.0,0,(),0.0,0.0
48925,,0.0,0.0,0.0,0,(),0.0,0.0
48930,,0.0,0.0,0.0,0,(),0.0,0.0
48935,,0.0,0.0,0.0,0,(),0.0,0.0
48940,,0.0,0.0,0.0,0,(),0.0,0.0
48945,,0.0,0.0,0.0,0,(),0.0,0.0
48950,,0.0,0.0,0.0,0,(),0.0,0.0
48955,,0.0,0.0,0.0,0,(),0.0,0.0
48960,,0.0,0.0,0.0,0,(),0.0,0.0
48965,,0.0,0.0,0.0,0,(),0.0,0.0
48970,,0.0,0.0,0.0,0,(),0.0,0.0
48975,,0.0,0.0,0.0,0,(),0.0,0.0
48980,,0.0,0.0,0.0,0,(),0.0,0.0
48985,,0.0,0.0,0.0,0,(),0.0,0.0
48990,,0.0,0.0,0.0,0,(),0.0,0.0
48995,,0.0,0.0,0.0,0,(),0.0,0.0
49000,,0.0,0.0,0.0,0,(),0.0,0.0
49005,,0.0,0.0,0.0,0,(),0.0,0.0
49010,,0.0,0.0,0.0,0,(),0.0,0.0
49015,,0.0,0.0,0.0,0,(),0.0,0.0
49020,,0.0,0.0,0.0,0,(),0.0,0.0
49025,,0.0,0.0,0.0,0,(),0.0,0.0
49030,,0.0,0.0,0.0,0,(),0.0,0.0
49035,,0.0,0.0,0.0,0,(),0.0,0.0
49040,,0.0,0.0,0.0,0,(),0.0,0.0
49045,,0.0,0.0,0.0,0,(),0.0,0.0
49050,,0.0,0.0,0.0,0,(),0.0,0.0
49055,,0.0,0.0,0.0,0,(),0.0,0.0
49060,,0.0,0.0,0.0,0,(),0.0,0.0
49065,,0.0,0.0,0.0,0,(),0.0,0.0
49070,,0.0,0.0,0.0,0,(),0.0,0.0
49075,,0.0,0.0,0.0,0,(),0.0,0.0
49080,,0.0,0.0,0.0,0,(),0.0,0.0
49085,,0.0,0.0,0.0,0,(),0.0,0.0
49090,,0.0,0.0,0.0,0,(),0.0,0.0
49095,,0.0,0.0,0.0,0,(),0.0,0.0
49100,,0.0,0.0,0.0,0,(),0.0,0.0
49105,,0.0,0.0,0.0,0,(),0.0,0.0
49110,,0.0,0.0,0.0,0,(),0.0,0.0
49115,,0.0,0.0,0.0,0,(),0.0,0.0
49120,,0.0,0.0,0.0,0,(),0.0,0.0
49125,,0.0,0.0,0.0,0,(),0.0,0.0
49130,,0.0,0.0,0.0,0,(),0.0,0.0
49135,,0.0,0.0,0.0,0,(),0.0,0.0
49140,,0.0,0.0,0.0,0,(),0.0,0.0
49145,,0.0,0.0,0.0,0,(),0.0,0.0
49150,,0.0,0.0,0.0,0,(),0.0,0.0
49155,,0.0,0.0,0.0,0,(),0.0,0.0
49160,,0.0,0.0,0.0,0,(),0.0,0.0
49165,,0.0,0.0,0.0,0,(),0.0,0.0
49170,,0.0,0.0,0.0,0,(),0.0,0.0
49175,,0.0,0.0,0.0,0,(),0.0,0.0
49180,,0.0,0.0,0.0,0,(),0.0,0.0
49185,,0.0,0.0,0.0,0,(),0.0,0.0
49190,,0.0,0.0,0.0,0,(),0.0,0.0
49195,,0.0,0.0,0.0,0,(),0.0,0.0
49200,,0.0,0.0,0.0,0,(),0.0,0.0
49205,,0.0,0.0,0.0,0,(),0.0,0.0
49210,,0.0,0.0,0.0,0,(),0.0,0.0
49215,,0.0,0.0,0.0,0,(),0.0,0.0
49220,,0.0,0.0,0.0,0,(),0.0,0.0
49225,,0.0,0.0,0.0,0,(),0.0,0.0
49230,,0.0,0.0,0.0,0,(),0.0,0.0
49235,,0.0,0.0,0.0,0,(),0.0,0.0
49240,,0.0,0.0,0.0,0,(),0.0,0.0
49245,,0.0,0.0,0.0,0,(),0.0,0.0
49250,,0.0,0.0,0.0,0,(),0.0,0.0
49255,,0.0,0.0,0.0,0,(),0.0,0.0
49260,,0.0,0.0,0.0,0,(),0.0,0.0
49265,,0.0,0.0,0.0,0,(),0.0,0.0
49270,,0.0,0.0,0.0,0,(),0.0,0.0
49275,,0.0,0.0,0.0,0,(),0.0,0.0
49280,,0.0,0.0,0.0,0,(),0.0,0.0
49285,,0.0,0.0,0.0,0,(),0.0,0.0
49290,,0.0,0.0,0.0,0,(),0.0,0.0
49295,,0.0,0.0,0.0,0,(),0.0,0.0
49300,,0.0,0.0,0.0,0,(),0.0,0.0
49305,,0.0,0.0,0.0,0,(),0.0,0.0
49310,,0.0,0.0,0.0,0,(),0.0,0.0
49315,,0.0,0.0,0.0,0,(),0.0,0.0
49320,,0.0,0.0,0.0,0,(),0.0,0.0
49325,,0.0,0.0,0.0,0,(),0.0,0.0
49330,,0.0,0.0,0.0,0,(),0.0,0.0
49335,,0.0,0.0,0.0,0,(),0.0,0.0
49340,,0.0,0.0,0.0,0,(),0.0,0.0
49345,,0.0,0.0,0.0,0,(),0.0,0.0
49350,,0.0,0.0,0.0,0,(),0.0,0.0
49355,,0.0,0.0,0.0,0,(),0.0,0.0
49360,,0.0,0.0,0.0,0,(),0.0,0.0
49365,,0.0,0.0,0.0,0,(),0.0,0.0
49370,,0.0,0.0,0.0,0,(),0.0,0.0
49375,,0.0,0.0,0.0,0,(),0.0,0.0
49380,,0.0,0.0,0.0,0,(),0.0,0.0
49385,,0.0,0.0,0.0,0,(),0.0,0.0
49390,,0.0,0.0,0.0,0,(),0.0,0.0
49395,,0.0,0.0,0.0,0,(),0.0,0.0
49400,,0.0,0.0,0.0,0,(),0.0,0.0
49405,,0.0,0.0,0.0,0,(),0.0,0.0
49410,,0.0,0.0,0.0,0,(),0.0,0.0
49415,,0.0,0.0,0.0,0,(),0.0,0.0
49420,,0.0,0.0,0.0,0,(),0.0,0.0
49425,,0.0,0.0,0.0,0,(),0.0,0.0
49430,,0.0,0.0,0.0,0,(),0.0,0.0
49435,,0.0,0.0,0.0,0,(),0.0,0.0
49440,,0.0,0.0,0.0,0,(),0.0,0.0
49445,,0.0,0.0,0.0,0,(),0.0,0.0
49450,,0.0,0.0,0.0,0,(),0.0,0.0
49455,,0.0,0.0,0.0,0,(),0.0,0.0
49460,,0.0,0.0,0.0,0,(),0.0,0.0
49465,,0.0,0.0,0.0,0,(),0.0,0.0
49470,,0.0,0.0,0.0,0,(),0.0,0.0
49475,,0.0,0.0,0.0,0,(),0.0,0.0
49480,,0.0,0.0,0.0,0,(),0.0,0.0
49485,,0.0,0.0,0.0,0,(),0.0,0.0
49490,,0.0,0.0,0.0,0,(),0.0,0.0
49495,,0.0,0.0,0.0,0,(),0.0,0.0
49500,,0.0,0.0,0.0,0,(),0.0,0.0
49505,,0.0,0.0,0.0,0,(),0.0,0.0
49510,,0.0,0.0,0.0,0,(),0.0,0.0
49515,,0.0,0.0,0.0,0,(),0.0,0.0
49520,,0.0,0.0,0.0,0,(),0.0,0.0
49525,,0.0,0.0,0.0,0,(),0.0,0.0
49530,,0.0,0.0,0.0,0,(),0.0,0.0
49535,,0.0,0.0,0.0,0,(),0.0,0.0
49540,,0.0,0.0,0.0,0,(),0.0,0.0
49545,,0.0,0.0,0.0,0,(),0.0,0.0
49550,,0.0,0.0,0.0,0,(),0.0,0.0
49555,,0.0,0.0,0.0,0,(),0.0,0.0
49560,,0.0,0.0,0.0,0,(),0.0,0.0
49565,,0.0,0.0,0.0,0,(),0.0,0.0
49570,,0.0,0.0,0.0,0,(),0.0,0.0
49575,,0.0,0.0,0.0,0,(),0.0,0.0
49580,,0.0,0.0,0.0,0,(),0.0,0.0
49585,,0.0,0.0,0.0,0,(),0.0,0.0
49590,,0.0,0.0,0.0,0,(),0.0,0.0
49595,,0.0,0.0,0.0,0,(),0.0,0.0
49600,,0.0,0.0,0.0,0,(),0.0,0.0
49605,,0.0,0.0,0.0,0,(),0.0,0.0
49610,,0.0,0.0,0.0,0,(),0.0,0.0
49615,,0.0,0.0,0.0,0,(),0.0,0.0
49620,,0.0,0.0,0.0,0,(),0.0,0.0
49625,,0.0,0.0,0.0,0,(),0.0,0.0
49630,,0.0,0.0,0.0,0,(),0.0,0.0
49635,,0.0,0.0,0.0,0,(),0.0,0.0
49640,,0.0,0.0,0.0,0,(),0.0,0.0
49645,,0.0,0.0,0.0,0,(),0.0,0.0
49650,,0.0,0.0,0.0,0,(),0.0,0.0
49655,,0.0,0.0,0.0,0,(),0.0,0.0
49660,,0.0,0.0,0.0,0,(),0.0,0.0
49665,,0.0,0.0,0.0,0,(),0.0,0.0
49670,,0.0,0.0,0.0,0,(),0.0,0.0
49675,,0.0,0.0,0.0,0,(),0.0,0.0
49680,,0.0,0.0,0.0,0,(),0.0,0.0
49685,,0.0,0.0,0.0,0,(),0.0,0.0
49690,,0.0,0.0,0.0,0,(),0.0,0.0
49695,,0.0,0.0,0.0,0,(),0.0,0.0
49700,,0.0,0.0,0.0,0,(),0.0,0.0
49705,,0.0,0.0,0.0,0,(),0.0,0.0
49710,,0.0,0.0,0.0,0,(),0.0,0.0
49715,,0.0,0.0,0.0,0,(),0.0,0.0
49720,,0.0,0.0,0.0,0,(),0.0,0.0
49725,,0.0,0.0,0.0,0,(),0.0,0.0
49730,,0.0,0.0,0.0,0,(),0.0,0.0
49735,,0.0,0.0,0.0,0,(),0.0,0.0
49740,,0.0,0.0,0.0,0,(),0.0,0.0
49745,,0.0,0.0,0.0,0,(),0.0,0.0
49750,,0.0,0.0,0.0,0,(),0.0,0.0
49755,,0.0,0.0,0.0,0,(),0.0,0.0
49760,,0.0,0.0,0.0,0,(),0.0,0.0
49765,,0.0,0.0,0.0,0,(),0.0,0.0
49770,,0.0,0.0,0.0,0,(),0.0,0.0
49775,,0.0,0.0,0.0,0,(),0.0,0.0
49780,,0.0,0.0,0.0,0,(),0.0,0.0
49785,,0.0,0.0,0.0,0,(),0.0,0.0
49790,,0.0,0.0,0.0,0,(),0.0,0.0
49795,,0.0,0.0,0.0,0,(),0.0,0.0
49800,,0.0,0.0,0.0,0,(),0.0,0.0
49805,,0.0,0.0,0.0,0,(),0.0,0.0
49810,,0.0,0.0,0.0,0,(),0.0,0.0
49815,,0.0,0.0,0.0,0,(),0.0,0.0
49820,,0.0,0.0,0.0,0,(),0.0,0.0
49825,,0.0,0.0,0.0,0,(),0.0,0.0
49830,,0.0,0.0,0.0,0,(),0.0,0.0
49835,,0.0,0.0,0.0,0,(),0.0,0.0
49840,,0.0,0.0,0.0,0,(),0.0,0.0
49845,,0.0,0.0,0.0,0,(),0.0,0.0
49850,,0.0,0.0,0.0,0,(),0.0,0.0
49855,,0.0,0.0,0.0,0,(),0.0,0.0
49860,,0.0,0.0,0.0,0,(),0.0,0.0
49865,,0.0,0.0,0.0,0,(),0.0,0.0
49870,,0.0,0.0,0.0,0,(),0.0,0.0
49875,,0.0,0.0,0.0,0,(),0.0,0.0
49880,,0.0,0.0,0.0,0,(),0.0,0.0
49885,,0.0,0.0,0.0,0,(),0.0,0.0
49890,,0.0,0.0,0.0,0,(),0.0,0.0
49895,,0.0,0.0,0.0,0,(),0.0,0.0
49900,,0.0,0.0,0.0,0,(),0.0,0.0
49905,,0.0,0.0,0.0,0,(),0.0,0.0
49910,,0.0,0.0,0.0,0,(),0.0,0.0
49915,,0.0,0.0,0.0,0,(),0.0,0.0
49920,,0.0,0.0,0.0,0,(),0.0,0.0
49925,,0.0,0.0,0.0,0,(),0.0,0.0
49930,,0.0,0.0,0.0,0,(),0.0,0.0
49935,,0.0,0.0,0.0,0,(),0.0,0.0
49940,,0.0,0.0,0.0,0,(),0.0,0.0
49945,,0.0,0.0,0.0,0,(),0.0,0.0
49950,,0.0,0.0,0.0,0,(),0.0,0.0
49955,,0.0,0.0,0.0,0,(),0.0,0.0
49960,,0.0,0.0,0.0,0,(),0.0,0.0
49965,,0.0,0.0,0.0,0,(),0.0,0.0
49970,,0.0,0.0,0.0,0,(),0.0,0.0
49975,,0.0,0.0,0.0,0,(),0.0,0.0
49980,,0.0,0.0,0.0,0,(),0.0,0.0
49985,,0.0,0.0,0.0,0,(),0.0,0.0
49990,,0.0,0.0,0.0,0,(),0.0,0.0
49995,,0.0,0.0,0.0,0,(),0.0,0.0
